0.03
0.02
0.01
0.02
0.02
0.02
0.01
0.02
0.02
0.04
0.05
0.06
0.06
0.06
0.09
0.18
0.38
0.51
0.35
0.15
0.07
0.05
0.05
0.05
0.04
0.03
0.03
0.02
0.01
0.01
0.02
0.02
0.02
0.02
0.02
0.02
0.01
0.02
0.02
0.02
0.01
0.01
0.02
0.05
0.08
0.06
0.04
0.04
0.06
0.11
0.16
0.15
0.09
0.05
0.03
0.02
0.02
0.02
0.02
0.02
0.0
0.0
0.0
0.0
0.01
0.01
0.02
0.02
0.02
0.02
0.02
0.03
0.03
0.05
0.05
0.05
0.05
0.06
0.09
0.18
0.38
0.51
0.35
0.15
0.07
0.05
0.04
0.04
0.03
0.03
0.03
0.02
0.02
0.02
0.01
0.02
0.02
0.01
0.01
0.01
0.01
0.01
0.01
0.01
0.01
0.01
0.03
0.05
0.08
0.06
0.04
0.04
0.06
0.11
0.16
0.15
0.09
0.05
0.03
0.02
0.02
0.02
0.01
0.01
0.0
0.0
0.0
0.0
0.03
0.06
0.03
0.03
0.03
0.03
0.05
0.07
0.07
0.08
0.12
0.15
0.15
0.14
0.24
0.48
0.75
0.8
0.66
0.51
0.37
0.21
0.12
0.13
0.13
0.1
0.07
0.08
0.1
0.07
0.06
0.07
0.08
0.07
0.05
0.05
0.06
0.06
0.05
0.06
0.09
0.12
0.13
0.14
0.14
0.11
0.07
0.05
0.05
0.12
0.23
0.25
0.17
0.1
0.06
0.04
0.03
0.04
0.04
0.03
0.0
0.0
0.0
0.0
0.02
0.02
0.01
0.02
0.01
0.02
0.02
0.02
0.03
0.04
0.05
0.05
0.04
0.05
0.08
0.17
0.38
0.51
0.35
0.15
0.07
0.05
0.04
0.04
0.03
0.03
0.03
0.02
0.02
0.02
0.02
0.02
0.02
0.02
0.01
0.01
0.01
0.01
0.01
0.01
0.01
0.01
0.02
0.05
0.07
0.05
0.03
0.03
0.05
0.1
0.16
0.15
0.09
0.05
0.04
0.03
0.02
0.02
0.02
0.02
0.0
0.0
0.0
0.0
0.01
0.01
0.02
0.01
0.02
0.02
0.02
0.02
0.02
0.03
0.04
0.06
0.06
0.07
0.1
0.19
0.39
0.51
0.35
0.15
0.07
0.05
0.05
0.04
0.03
0.02
0.02
0.02
0.02
0.02
0.02
0.02
0.02
0.01
0.01
0.01
0.01
0.01
0.01
0.02
0.02
0.02
0.02
0.05
0.07
0.05
0.03
0.04
0.06
0.11
0.16
0.15
0.09
0.05
0.03
0.02
0.02
0.02
0.02
0.01
0.0
0.0
0.0
0.0
0.02
0.02
0.02
0.03
0.01
0.01
0.01
0.01
0.01
0.02
0.04
0.04
0.04
0.04
0.07
0.16
0.37
0.51
0.35
0.15
0.07
0.05
0.04
0.04
0.02
0.02
0.02
0.02
0.02
0.02
0.02
0.01
0.01
0.01
0.01
0.01
0.01
0.02
0.02
0.02
0.02
0.02
0.03
0.05
0.07
0.05
0.02
0.02
0.04
0.09
0.15
0.15
0.11
0.07
0.04
0.04
0.03
0.03
0.02
0.02
0.0
0.0
0.0
0.0
0.04
0.03
0.01
0.02
0.03
0.02
0.01
0.02
0.02
0.03
0.04
0.06
0.06
0.07
0.1
0.19
0.4
0.53
0.36
0.16
0.09
0.06
0.05
0.05
0.04
0.04
0.03
0.02
0.01
0.02
0.02
0.03
0.02
0.02
0.02
0.01
0.02
0.02
0.02
0.03
0.02
0.02
0.02
0.05
0.07
0.06
0.04
0.03
0.05
0.11
0.16
0.14
0.08
0.05
0.04
0.03
0.02
0.02
0.03
0.03
0.0
0.0
0.0
0.0
0.01
0.01
0.0
0.01
0.02
0.03
0.03
0.03
0.04
0.05
0.06
0.05
0.05
0.06
0.09
0.18
0.38
0.51
0.35
0.15
0.07
0.05
0.04
0.04
0.03
0.03
0.02
0.02
0.02
0.02
0.02
0.02
0.02
0.02
0.01
0.01
0.01
0.01
0.01
0.01
0.01
0.02
0.02
0.05
0.08
0.06
0.04
0.04
0.06
0.11
0.16
0.14
0.09
0.04
0.03
0.02
0.02
0.02
0.01
0.01
0.0
0.0
0.0
0.0
0.0
0.01
0.0
0.01
0.03
0.03
0.03
0.03
0.04
0.05
0.06
0.04
0.04
0.05
0.09
0.18
0.38
0.51
0.35
0.15
0.07
0.05
0.03
0.03
0.03
0.03
0.03
0.02
0.02
0.02
0.02
0.02
0.02
0.02
0.02
0.02
0.02
0.02
0.02
0.02
0.02
0.02
0.03
0.06
0.09
0.06
0.04
0.04
0.06
0.11
0.16
0.14
0.08
0.04
0.02
0.01
0.01
0.01
0.01
0.01
0.0
0.0
0.0
0.0
0.01
0.01
0.01
0.02
0.02
0.02
0.02
0.02
0.03
0.04
0.05
0.06
0.06
0.07
0.1
0.18
0.38
0.51
0.35
0.15
0.07
0.05
0.05
0.04
0.03
0.03
0.02
0.02
0.02
0.02
0.02
0.02
0.02
0.01
0.01
0.01
0.01
0.01
0.01
0.01
0.01
0.02
0.02
0.05
0.08
0.06
0.03
0.04
0.06
0.11
0.16
0.15
0.09
0.04
0.03
0.02
0.02
0.02
0.01
0.01
0.0
0.0
0.0
0.0
0.02
0.01
0.01
0.01
0.02
0.02
0.01
0.01
0.01
0.02
0.04
0.05
0.06
0.07
0.09
0.18
0.38
0.51
0.35
0.15
0.08
0.06
0.05
0.05
0.03
0.02
0.02
0.02
0.01
0.02
0.02
0.02
0.02
0.02
0.02
0.02
0.01
0.01
0.02
0.02
0.02
0.01
0.02
0.05
0.07
0.05
0.03
0.03
0.06
0.11
0.16
0.15
0.09
0.05
0.03
0.03
0.02
0.02
0.02
0.02
0.0
0.0
0.0
0.0
0.01
0.01
0.01
0.01
0.02
0.02
0.02
0.02
0.02
0.03
0.05
0.06
0.06
0.07
0.1
0.19
0.39
0.51
0.35
0.15
0.07
0.05
0.05
0.04
0.03
0.02
0.02
0.02
0.02
0.02
0.02
0.02
0.01
0.01
0.01
0.02
0.02
0.02
0.01
0.01
0.02
0.02
0.02
0.05
0.07
0.05
0.03
0.04
0.06
0.11
0.16
0.14
0.09
0.04
0.03
0.02
0.02
0.02
0.01
0.01
0.0
0.0
0.0
0.0
0.02
0.02
0.01
0.02
0.02
0.01
0.01
0.01
0.02
0.02
0.04
0.06
0.06
0.07
0.1
0.19
0.39
0.51
0.35
0.15
0.08
0.06
0.05
0.05
0.03
0.02
0.02
0.02
0.02
0.02
0.02
0.02
0.02
0.02
0.01
0.01
0.01
0.01
0.01
0.01
0.01
0.01
0.02
0.05
0.07
0.05
0.03
0.04
0.06
0.11
0.16
0.15
0.09
0.05
0.03
0.03
0.02
0.02
0.02
0.02
0.0
0.0
0.0
0.0
0.01
0.01
0.01
0.01
0.02
0.02
0.02
0.02
0.02
0.02
0.04
0.06
0.07
0.07
0.1
0.19
0.39
0.51
0.35
0.15
0.07
0.05
0.05
0.04
0.03
0.02
0.02
0.02
0.01
0.01
0.02
0.02
0.02
0.01
0.01
0.01
0.01
0.01
0.02
0.02
0.01
0.01
0.02
0.05
0.07
0.05
0.03
0.04
0.06
0.11
0.16
0.14
0.08
0.04
0.03
0.02
0.02
0.02
0.02
0.01
0.0
0.0
0.0
0.0
0.01
0.01
0.01
0.01
0.02
0.02
0.03
0.03
0.04
0.05
0.06
0.05
0.05
0.06
0.09
0.18
0.39
0.51
0.35
0.15
0.08
0.05
0.04
0.04
0.03
0.03
0.02
0.02
0.02
0.02
0.02
0.01
0.01
0.02
0.02
0.02
0.02
0.01
0.01
0.02
0.02
0.02
0.03
0.06
0.08
0.06
0.04
0.04
0.06
0.11
0.16
0.14
0.08
0.04
0.03
0.02
0.02
0.01
0.01
0.01
0.0
0.0
0.0
0.0
0.01
0.01
0.0
0.01
0.03
0.03
0.03
0.03
0.04
0.05
0.06
0.05
0.04
0.06
0.09
0.18
0.38
0.51
0.35
0.15
0.07
0.05
0.04
0.03
0.03
0.03
0.02
0.02
0.02
0.02
0.02
0.01
0.02
0.02
0.02
0.02
0.02
0.02
0.02
0.02
0.02
0.02
0.03
0.06
0.08
0.06
0.04
0.04
0.06
0.11
0.16
0.14
0.09
0.04
0.03
0.02
0.02
0.01
0.01
0.01
0.0
0.0
0.0
0.0
0.03
0.02
0.03
0.03
0.13
0.09
0.06
0.03
0.02
0.03
0.05
0.06
0.07
0.08
0.13
0.23
0.43
0.51
0.3
0.12
0.09
0.1
0.09
0.07
0.05
0.03
0.03
0.04
0.05
0.04
0.04
0.03
0.03
0.04
0.05
0.06
0.04
0.02
0.02
0.02
0.03
0.03
0.04
0.06
0.08
0.06
0.04
0.03
0.03
0.08
0.15
0.15
0.09
0.05
0.03
0.03
0.03
0.03
0.03
0.03
0.0
0.0
0.0
0.0
0.01
0.0
0.01
0.01
0.03
0.03
0.03
0.03
0.04
0.05
0.06
0.05
0.04
0.05
0.09
0.18
0.38
0.51
0.35
0.15
0.07
0.05
0.04
0.03
0.03
0.03
0.02
0.02
0.02
0.02
0.02
0.02
0.02
0.02
0.02
0.02
0.02
0.02
0.02
0.02
0.02
0.02
0.03
0.06
0.08
0.06
0.04
0.04
0.06
0.11
0.16
0.14
0.08
0.04
0.03
0.02
0.01
0.01
0.01
0.01
0.0
0.0
0.0
0.0
0.0
0.0
0.0
0.01
0.03
0.03
0.03
0.03
0.04
0.05
0.06
0.04
0.04
0.05
0.09
0.18
0.38
0.51
0.35
0.15
0.07
0.05
0.04
0.03
0.03
0.03
0.03
0.02
0.02
0.02
0.02
0.02
0.02
0.02
0.02
0.02
0.02
0.02
0.02
0.02
0.02
0.02
0.03
0.06
0.09
0.06
0.04
0.04
0.06
0.11
0.16
0.14
0.08
0.04
0.02
0.02
0.01
0.01
0.01
0.0
0.0
0.0
0.0
0.0
0.01
0.01
0.01
0.02
0.02
0.02
0.03
0.03
0.03
0.05
0.06
0.06
0.05
0.06
0.09
0.18
0.39
0.51
0.35
0.15
0.08
0.05
0.04
0.04
0.03
0.03
0.03
0.02
0.02
0.02
0.02
0.01
0.01
0.02
0.01
0.01
0.02
0.01
0.01
0.01
0.01
0.02
0.02
0.05
0.08
0.06
0.04
0.04
0.06
0.11
0.16
0.14
0.08
0.04
0.03
0.02
0.01
0.01
0.01
0.01
0.0
0.0
0.0
0.0
0.03
0.03
0.03
0.03
0.01
0.01
0.01
0.02
0.03
0.04
0.05
0.04
0.04
0.05
0.08
0.17
0.38
0.51
0.35
0.16
0.08
0.06
0.04
0.04
0.04
0.03
0.03
0.03
0.03
0.02
0.02
0.02
0.02
0.02
0.02
0.01
0.01
0.01
0.01
0.01
0.01
0.01
0.02
0.04
0.07
0.04
0.02
0.02
0.04
0.09
0.15
0.15
0.1
0.06
0.05
0.04
0.03
0.03
0.03
0.03
0.0
0.0
0.0
0.0
0.02
0.02
0.02
0.01
0.01
0.01
0.01
0.01
0.01
0.02
0.04
0.05
0.06
0.07
0.09
0.18
0.38
0.51
0.35
0.15
0.08
0.06
0.05
0.05
0.03
0.03
0.02
0.02
0.02
0.02
0.02
0.02
0.02
0.02
0.01
0.01
0.01
0.01
0.01
0.01
0.01
0.01
0.02
0.05
0.07
0.05
0.03
0.03
0.05
0.11
0.16
0.15
0.09
0.05
0.03
0.03
0.02
0.02
0.02
0.02
0.0
0.0
0.0
0.0
0.01
0.01
0.01
0.02
0.02
0.02
0.02
0.02
0.02
0.03
0.05
0.06
0.06
0.07
0.1
0.19
0.39
0.51
0.35
0.15
0.07
0.05
0.05
0.04
0.03
0.02
0.02
0.02
0.02
0.02
0.02
0.02
0.01
0.01
0.01
0.01
0.01
0.01
0.01
0.01
0.01
0.01
0.02
0.05
0.07
0.05
0.03
0.04
0.06
0.11
0.16
0.14
0.09
0.04
0.03
0.02
0.02
0.02
0.01
0.01
0.0
0.0
0.0
0.0
0.01
0.01
0.01
0.01
0.02
0.02
0.03
0.03
0.04
0.05
0.06
0.05
0.05
0.06
0.09
0.18
0.39
0.51
0.35
0.15
0.07
0.05
0.04
0.04
0.03
0.03
0.03
0.02
0.02
0.02
0.02
0.01
0.01
0.02
0.02
0.02
0.02
0.02
0.02
0.02
0.02
0.02
0.03
0.06
0.08
0.06
0.04
0.04
0.06
0.11
0.16
0.14
0.08
0.04
0.03
0.02
0.01
0.01
0.01
0.01
0.0
0.0
0.0
0.0
0.01
0.01
0.01
0.01
0.02
0.02
0.02
0.02
0.02
0.02
0.04
0.06
0.06
0.07
0.1
0.19
0.39
0.51
0.35
0.15
0.07
0.05
0.05
0.04
0.03
0.02
0.02
0.02
0.02
0.02
0.02
0.02
0.02
0.01
0.01
0.01
0.01
0.01
0.01
0.01
0.01
0.01
0.02
0.05
0.07
0.05
0.03
0.04
0.06
0.11
0.16
0.15
0.09
0.05
0.03
0.02
0.02
0.02
0.02
0.01
0.0
0.0
0.0
0.0
0.04
0.04
0.02
0.02
0.09
0.09
0.08
0.08
0.08
0.08
0.08
0.07
0.07
0.09
0.13
0.23
0.42
0.51
0.32
0.1
0.03
0.02
0.03
0.04
0.04
0.04
0.04
0.03
0.03
0.03
0.04
0.04
0.04
0.04
0.04
0.04
0.03
0.03
0.03
0.03
0.03
0.04
0.05
0.06
0.07
0.06
0.03
0.02
0.03
0.08
0.15
0.16
0.1
0.05
0.03
0.02
0.02
0.01
0.02
0.02
0.0
0.0
0.0
0.0
0.02
0.02
0.02
0.02
0.01
0.01
0.01
0.01
0.01
0.02
0.04
0.05
0.06
0.06
0.09
0.18
0.38
0.51
0.35
0.15
0.08
0.06
0.05
0.05
0.04
0.03
0.02
0.02
0.02
0.02
0.02
0.02
0.02
0.01
0.01
0.01
0.01
0.01
0.01
0.01
0.01
0.01
0.02
0.04
0.07
0.05
0.03
0.03
0.05
0.1
0.16
0.15
0.09
0.05
0.04
0.03
0.03
0.03
0.03
0.02
0.0
0.0
0.0
0.0
0.01
0.01
0.01
0.02
0.02
0.02
0.02
0.02
0.03
0.03
0.05
0.06
0.06
0.07
0.09
0.19
0.39
0.51
0.35
0.15
0.07
0.05
0.05
0.04
0.03
0.03
0.02
0.02
0.02
0.02
0.02
0.02
0.01
0.01
0.01
0.01
0.01
0.01
0.01
0.01
0.01
0.02
0.02
0.05
0.07
0.06
0.03
0.04
0.06
0.11
0.16
0.14
0.09
0.05
0.03
0.02
0.02
0.02
0.01
0.01
0.0
0.0
0.0
0.0
0.01
0.01
0.01
0.02
0.02
0.02
0.03
0.03
0.04
0.05
0.06
0.06
0.06
0.06
0.09
0.19
0.39
0.51
0.35
0.15
0.07
0.05
0.04
0.04
0.03
0.03
0.03
0.03
0.03
0.02
0.02
0.02
0.02
0.02
0.01
0.01
0.01
0.01
0.01
0.01
0.01
0.01
0.02
0.05
0.08
0.06
0.03
0.04
0.06
0.11
0.16
0.14
0.08
0.04
0.03
0.02
0.02
0.01
0.01
0.01
0.0
0.0
0.0
0.0
0.01
0.01
0.01
0.02
0.02
0.02
0.02
0.02
0.02
0.03
0.04
0.06
0.06
0.07
0.09
0.18
0.39
0.51
0.35
0.15
0.08
0.06
0.05
0.05
0.03
0.02
0.02
0.02
0.02
0.02
0.02
0.02
0.02
0.01
0.01
0.01
0.01
0.01
0.01
0.01
0.01
0.02
0.02
0.05
0.07
0.05
0.03
0.03
0.06
0.11
0.16
0.15
0.09
0.05
0.03
0.02
0.02
0.02
0.02
0.01
0.0
0.0
0.0
0.0
