0.3
0.56
0.58
1.0
0.28
0.33
0.36
0.37
0.34
0.28
0.25
0.21
0.15
0.12
0.13
0.12
0.12
0.12
0.14
0.18
0.21
0.23
0.26
0.27
0.24
0.19
0.16
0.19
0.25
0.27
0.24
0.23
0.25
0.3
0.29
0.23
0.19
0.24
0.31
0.3
0.21
0.19
0.29
0.35
0.3
0.24
0.19
0.2
0.25
0.3
0.3
0.22
0.16
0.17
0.23
0.29
0.29
0.27
0.31
0.38
0.0
0.0
0.0
0.0
0.09
0.18
1.0
0.1
0.01
0.01
0.01
0.01
0.01
0.01
0.01
0.01
0.01
0.01
0.01
0.01
0.01
0.01
0.01
0.01
0.01
0.01
0.01
0.01
0.01
0.01
0.01
0.01
0.01
0.01
0.01
0.01
0.01
0.01
0.01
0.01
0.01
0.01
0.01
0.01
0.01
0.01
0.01
0.01
0.02
0.01
0.01
0.02
0.02
0.02
0.02
0.03
0.04
0.04
0.04
0.03
0.04
0.04
0.05
0.07
0.0
0.0
0.0
0.0
0.1
0.2
1.0
0.08
0.01
0.01
0.01
0.0
0.01
0.01
0.01
0.01
0.01
0.01
0.01
0.01
0.01
0.01
0.01
0.01
0.01
0.01
0.01
0.01
0.01
0.01
0.01
0.01
0.01
0.01
0.01
0.01
0.01
0.01
0.01
0.01
0.01
0.01
0.01
0.01
0.01
0.01
0.01
0.01
0.02
0.02
0.02
0.02
0.02
0.02
0.02
0.02
0.02
0.03
0.04
0.05
0.05
0.05
0.06
0.08
0.0
0.0
0.0
0.0
0.07
0.02
0.05
0.02
0.16
0.17
0.2
0.18
0.14
0.13
0.14
0.18
0.21
0.2
0.18
0.2
0.22
0.18
0.17
0.21
0.19
0.12
0.1
0.1
0.09
0.11
0.14
0.15
0.16
0.2
0.21
0.18
0.16
0.14
0.13
0.16
0.13
0.08
0.04
0.05
0.1
0.16
0.18
0.13
0.07
0.05
0.08
0.16
0.21
0.22
0.23
0.2
0.16
0.17
0.14
0.09
0.06
0.08
0.09
0.09
0.0
0.0
0.0
0.0
0.11
0.21
1.0
0.09
0.01
0.01
0.01
0.01
0.01
0.01
0.01
0.01
0.01
0.01
0.01
0.01
0.01
0.01
0.01
0.01
0.01
0.01
0.01
0.01
0.01
0.01
0.01
0.01
0.01
0.01
0.01
0.01
0.01
0.01
0.01
0.01
0.01
0.01
0.01
0.01
0.01
0.01
0.01
0.01
0.02
0.02
0.02
0.02
0.02
0.02
0.02
0.02
0.02
0.03
0.04
0.05
0.05
0.06
0.06
0.08
0.0
0.0
0.0
0.0
0.09
0.19
1.0
0.1
0.01
0.01
0.01
0.01
0.01
0.01
0.01
0.01
0.01
0.01
0.01
0.01
0.01
0.01
0.01
0.01
0.01
0.01
0.01
0.01
0.01
0.01
0.01
0.01
0.01
0.01
0.01
0.01
0.01
0.01
0.01
0.01
0.01
0.01
0.01
0.01
0.01
0.01
0.01
0.02
0.02
0.01
0.01
0.02
0.02
0.02
0.02
0.03
0.04
0.04
0.04
0.04
0.04
0.05
0.06
0.08
0.0
0.0
0.0
0.0
0.12
0.28
0.37
0.25
0.2
0.15
0.15
0.16
0.15
0.1
0.08
0.09
0.1
0.09
0.09
0.11
0.14
0.14
0.14
0.14
0.14
0.16
0.16
0.16
0.18
0.21
0.23
0.23
0.22
0.19
0.14
0.12
0.16
0.23
0.24
0.2
0.16
0.12
0.11
0.14
0.15
0.17
0.18
0.14
0.09
0.09
0.13
0.17
0.17
0.18
0.17
0.16
0.2
0.27
0.27
0.21
0.22
0.24
0.21
0.16
0.0
0.0
0.0
0.0
0.1
0.17
0.23
0.04
0.17
0.16
0.13
0.13
0.16
0.19
0.28
0.38
0.32
0.18
0.12
0.11
0.09
0.11
0.15
0.18
0.22
0.24
0.22
0.19
0.19
0.22
0.23
0.19
0.15
0.12
0.13
0.14
0.16
0.21
0.22
0.19
0.16
0.15
0.19
0.24
0.22
0.16
0.11
0.09
0.1
0.12
0.11
0.11
0.12
0.15
0.18
0.14
0.1
0.12
0.13
0.11
0.06
0.04
0.04
0.07
0.0
0.0
0.0
0.0
0.02
0.01
0.02
0.06
0.23
0.22
0.22
0.2
0.18
0.21
0.23
0.18
0.12
0.11
0.12
0.12
0.1
0.1
0.14
0.15
0.15
0.18
0.2
0.17
0.12
0.12
0.14
0.16
0.17
0.16
0.14
0.12
0.1
0.14
0.2
0.2
0.14
0.1
0.11
0.13
0.12
0.11
0.1
0.11
0.13
0.14
0.13
0.13
0.15
0.15
0.11
0.09
0.1
0.1
0.1
0.1
0.09
0.08
0.06
0.04
0.0
0.0
0.0
0.0
0.24
0.17
0.04
0.1
0.25
0.23
0.21
0.2
0.18
0.16
0.14
0.12
0.15
0.24
0.29
0.27
0.23
0.24
0.27
0.28
0.25
0.18
0.13
0.14
0.21
0.25
0.23
0.21
0.19
0.14
0.12
0.14
0.17
0.18
0.17
0.14
0.13
0.13
0.17
0.21
0.17
0.13
0.15
0.19
0.16
0.13
0.16
0.18
0.17
0.18
0.16
0.12
0.12
0.12
0.09
0.09
0.09
0.08
0.07
0.1
0.0
0.0
0.0
0.0
0.21
0.06
0.13
0.06
0.28
0.25
0.21
0.17
0.17
0.2
0.2
0.21
0.23
0.21
0.2
0.2
0.26
0.32
0.31
0.21
0.14
0.12
0.11
0.11
0.17
0.26
0.28
0.27
0.29
0.31
0.32
0.32
0.25
0.16
0.15
0.16
0.13
0.1
0.1
0.13
0.14
0.14
0.15
0.14
0.14
0.12
0.12
0.16
0.18
0.12
0.07
0.06
0.1
0.15
0.14
0.11
0.1
0.11
0.14
0.16
0.0
0.0
0.0
0.0
0.07
0.15
1.0
0.15
0.01
0.01
0.0
0.0
0.0
0.01
0.01
0.01
0.0
0.0
0.0
0.0
0.0
0.0
0.0
0.0
0.0
0.0
0.0
0.0
0.0
0.0
0.0
0.0
0.0
0.0
0.0
0.01
0.01
0.01
0.01
0.01
0.01
0.01
0.01
0.01
0.01
0.01
0.01
0.01
0.01
0.01
0.0
0.01
0.01
0.01
0.01
0.01
0.02
0.03
0.03
0.02
0.02
0.02
0.04
0.06
0.0
0.0
0.0
0.0
0.18
0.1
0.09
0.22
0.3
0.23
0.14
0.11
0.11
0.13
0.17
0.2
0.18
0.13
0.15
0.21
0.26
0.24
0.18
0.18
0.22
0.25
0.21
0.15
0.14
0.15
0.14
0.12
0.11
0.12
0.15
0.16
0.14
0.1
0.08
0.09
0.11
0.14
0.17
0.17
0.13
0.11
0.11
0.1
0.08
0.09
0.13
0.14
0.12
0.1
0.11
0.13
0.14
0.12
0.11
0.1
0.08
0.08
0.08
0.09
0.0
0.0
0.0
0.0
0.15
0.68
1.0
0.7
0.35
0.36
0.33
0.27
0.22
0.18
0.14
0.12
0.11
0.1
0.08
0.07
0.07
0.08
0.08
0.08
0.08
0.08
0.07
0.07
0.07
0.08
0.09
0.07
0.06
0.05
0.04
0.03
0.04
0.04
0.04
0.04
0.04
0.06
0.07
0.07
0.06
0.07
0.07
0.05
0.03
0.04
0.06
0.06
0.05
0.07
0.11
0.12
0.12
0.13
0.13
0.12
0.14
0.19
0.25
0.28
0.0
0.0
0.0
0.0
0.07
0.16
1.0
0.14
0.01
0.01
0.0
0.0
0.0
0.0
0.0
0.0
0.0
0.0
0.0
0.0
0.0
0.0
0.0
0.0
0.0
0.0
0.01
0.01
0.01
0.01
0.01
0.01
0.01
0.01
0.01
0.01
0.01
0.01
0.01
0.01
0.01
0.01
0.01
0.01
0.01
0.01
0.01
0.01
0.01
0.01
0.01
0.01
0.01
0.02
0.02
0.02
0.03
0.03
0.03
0.02
0.02
0.03
0.04
0.07
0.0
0.0
0.0
0.0
0.24
0.16
0.2
0.08
0.38
0.4
0.41
0.28
0.16
0.12
0.14
0.16
0.2
0.24
0.25
0.28
0.32
0.34
0.36
0.36
0.27
0.21
0.21
0.21
0.27
0.3
0.23
0.2
0.22
0.22
0.21
0.24
0.3
0.33
0.28
0.22
0.22
0.22
0.18
0.13
0.14
0.13
0.11
0.14
0.19
0.21
0.21
0.2
0.14
0.12
0.14
0.16
0.16
0.16
0.15
0.14
0.14
0.19
0.2
0.17
0.0
0.0
0.0
0.0
0.18
0.44
1.0
0.29
0.25
0.26
0.26
0.23
0.19
0.14
0.11
0.08
0.07
0.07
0.06
0.06
0.06
0.06
0.06
0.05
0.05
0.04
0.04
0.05
0.06
0.07
0.06
0.06
0.04
0.03
0.03
0.02
0.02
0.02
0.02
0.02
0.02
0.03
0.05
0.06
0.06
0.04
0.02
0.01
0.01
0.02
0.03
0.05
0.05
0.04
0.03
0.04
0.06
0.07
0.07
0.06
0.07
0.08
0.09
0.12
0.0
0.0
0.0
0.0
0.33
0.61
1.0
0.68
0.06
0.05
0.04
0.04
0.05
0.06
0.06
0.05
0.04
0.03
0.03
0.03
0.04
0.05
0.04
0.03
0.03
0.04
0.06
0.07
0.06
0.05
0.05
0.05
0.06
0.07
0.06
0.05
0.04
0.04
0.04
0.06
0.08
0.08
0.07
0.08
0.09
0.1
0.11
0.1
0.08
0.09
0.08
0.06
0.07
0.11
0.13
0.13
0.16
0.2
0.23
0.28
0.3
0.3
0.39
0.48
0.0
0.0
0.0
0.0
0.17
0.32
1.0
0.16
0.23
0.23
0.21
0.18
0.14
0.1
0.07
0.05
0.05
0.05
0.05
0.05
0.05
0.05
0.05
0.05
0.04
0.04
0.03
0.04
0.05
0.05
0.06
0.05
0.04
0.02
0.02
0.02
0.02
0.02
0.02
0.03
0.04
0.05
0.06
0.06
0.05
0.03
0.02
0.02
0.03
0.03
0.03
0.02
0.03
0.05
0.06
0.07
0.06
0.04
0.04
0.04
0.05
0.06
0.08
0.13
0.0
0.0
0.0
0.0
0.28
0.32
0.19
0.17
0.17
0.13
0.12
0.13
0.13
0.14
0.14
0.15
0.15
0.13
0.12
0.13
0.16
0.17
0.2
0.25
0.26
0.18
0.13
0.15
0.21
0.22
0.18
0.19
0.24
0.25
0.24
0.21
0.2
0.23
0.24
0.2
0.18
0.17
0.13
0.11
0.16
0.26
0.31
0.28
0.24
0.25
0.29
0.27
0.19
0.14
0.12
0.12
0.13
0.14
0.14
0.16
0.21
0.24
0.21
0.19
0.0
0.0
0.0
0.0
0.1
0.19
1.0
0.1
0.03
0.03
0.03
0.03
0.03
0.03
0.03
0.03
0.03
0.03
0.03
0.03
0.02
0.03
0.03
0.03
0.03
0.03
0.03
0.03
0.03
0.03
0.03
0.03
0.03
0.03
0.03
0.03
0.03
0.03
0.02
0.02
0.03
0.03
0.03
0.03
0.03
0.04
0.04
0.04
0.04
0.03
0.03
0.03
0.03
0.03
0.02
0.02
0.02
0.03
0.02
0.02
0.03
0.04
0.05
0.08
0.0
0.0
0.0
0.0
0.66
0.66
1.0
0.73
0.43
0.44
0.42
0.38
0.3
0.21
0.16
0.16
0.14
0.13
0.12
0.11
0.13
0.15
0.16
0.18
0.19
0.16
0.16
0.19
0.18
0.12
0.11
0.17
0.25
0.27
0.22
0.2
0.28
0.35
0.32
0.23
0.14
0.1
0.13
0.17
0.16
0.21
0.3
0.3
0.21
0.18
0.21
0.18
0.13
0.18
0.27
0.27
0.22
0.24
0.26
0.21
0.17
0.19
0.31
0.5
0.0
0.0
0.0
0.0
0.26
0.18
1.0
0.19
0.28
0.29
0.28
0.25
0.2
0.15
0.12
0.1
0.08
0.07
0.07
0.07
0.09
0.1
0.11
0.11
0.1
0.08
0.08
0.1
0.1
0.07
0.08
0.13
0.15
0.15
0.14
0.14
0.17
0.18
0.17
0.14
0.09
0.06
0.07
0.08
0.07
0.07
0.1
0.12
0.12
0.12
0.12
0.11
0.11
0.11
0.12
0.13
0.14
0.13
0.13
0.1
0.09
0.12
0.16
0.2
0.0
0.0
0.0
0.0
0.08
0.17
1.0
0.13
0.01
0.01
0.0
0.01
0.01
0.01
0.01
0.01
0.01
0.01
0.01
0.01
0.01
0.01
0.01
0.01
0.01
0.01
0.01
0.01
0.01
0.01
0.01
0.01
0.01
0.01
0.01
0.01
0.01
0.01
0.01
0.01
0.01
0.01
0.01
0.01
0.01
0.01
0.01
0.01
0.01
0.02
0.02
0.02
0.02
0.02
0.02
0.03
0.03
0.04
0.02
0.02
0.02
0.03
0.05
0.07
0.0
0.0
0.0
0.0
0.27
0.47
0.77
1.0
0.45
0.46
0.43
0.39
0.29
0.18
0.14
0.15
0.15
0.15
0.15
0.15
0.15
0.15
0.14
0.16
0.21
0.24
0.27
0.27
0.25
0.23
0.25
0.31
0.35
0.31
0.3
0.3
0.32
0.33
0.36
0.34
0.25
0.19
0.22
0.31
0.34
0.34
0.3
0.23
0.19
0.21
0.22
0.21
0.19
0.21
0.24
0.23
0.2
0.22
0.25
0.25
0.23
0.22
0.26
0.29
0.0
0.0
0.0
0.0
