0.05
0.07
0.09
0.06
0.07
0.06
0.06
0.06
0.06
0.06
0.06
0.06
0.06
0.06
0.06
0.06
0.06
0.05
0.05
0.05
0.05
0.05
0.04
0.04
0.04
0.05
0.06
0.07
0.09
0.16
0.34
0.47
0.3
0.14
0.11
0.13
0.15
0.13
0.1
0.07
0.05
0.04
0.03
0.03
0.03
0.03
0.03
0.03
0.03
0.03
0.03
0.03
0.02
0.02
0.01
0.02
0.02
0.03
0.03
0.04
0.0
0.0
0.0
0.0
0.03
0.03
0.05
0.05
0.02
0.03
0.04
0.03
0.02
0.02
0.02
0.02
0.02
0.02
0.02
0.02
0.03
0.03
0.04
0.04
0.05
0.07
0.07
0.07
0.07
0.08
0.09
0.11
0.2
0.39
0.6
0.64
0.49
0.41
0.38
0.28
0.19
0.12
0.07
0.05
0.05
0.06
0.06
0.05
0.05
0.04
0.04
0.04
0.04
0.04
0.04
0.04
0.03
0.02
0.02
0.02
0.02
0.03
0.03
0.03
0.0
0.0
0.0
0.0
0.01
0.01
0.01
0.01
0.01
0.01
0.01
0.01
0.01
0.01
0.01
0.01
0.01
0.01
0.01
0.01
0.01
0.01
0.01
0.01
0.01
0.02
0.02
0.02
0.02
0.02
0.03
0.04
0.04
0.1
0.29
0.44
0.28
0.1
0.09
0.12
0.09
0.05
0.03
0.02
0.02
0.01
0.01
0.01
0.02
0.01
0.01
0.01
0.01
0.01
0.01
0.01
0.01
0.01
0.01
0.01
0.01
0.01
0.01
0.01
0.0
0.0
0.0
0.0
0.01
0.01
0.01
0.0
0.01
0.01
0.01
0.01
0.01
0.01
0.01
0.01
0.01
0.01
0.01
0.01
0.01
0.01
0.01
0.01
0.01
0.01
0.02
0.02
0.03
0.03
0.04
0.03
0.04
0.1
0.29
0.44
0.28
0.1
0.08
0.11
0.1
0.06
0.03
0.03
0.02
0.02
0.01
0.01
0.01
0.01
0.01
0.01
0.01
0.01
0.01
0.01
0.01
0.01
0.01
0.01
0.01
0.01
0.01
0.01
0.0
0.0
0.0
0.0
0.02
0.03
0.05
0.02
0.03
0.03
0.04
0.04
0.03
0.03
0.02
0.03
0.04
0.05
0.05
0.04
0.05
0.04
0.03
0.03
0.04
0.07
0.08
0.07
0.06
0.07
0.12
0.19
0.26
0.41
0.65
0.72
0.59
0.5
0.43
0.29
0.18
0.12
0.09
0.07
0.06
0.07
0.07
0.06
0.05
0.04
0.03
0.04
0.04
0.05
0.05
0.04
0.03
0.02
0.02
0.02
0.04
0.04
0.04
0.03
0.0
0.0
0.0
0.0
0.01
0.01
0.02
0.01
0.01
0.01
0.01
0.01
0.01
0.01
0.01
0.01
0.01
0.01
0.01
0.01
0.01
0.01
0.01
0.01
0.01
0.01
0.02
0.02
0.03
0.03
0.04
0.03
0.04
0.1
0.29
0.44
0.28
0.1
0.08
0.11
0.1
0.06
0.04
0.03
0.02
0.02
0.01
0.01
0.01
0.01
0.01
0.01
0.01
0.01
0.01
0.01
0.01
0.01
0.01
0.01
0.01
0.01
0.01
0.01
0.0
0.0
0.0
0.0
0.02
0.03
0.03
0.03
0.02
0.03
0.03
0.02
0.02
0.02
0.02
0.02
0.02
0.03
0.03
0.02
0.02
0.02
0.04
0.05
0.05
0.04
0.05
0.06
0.06
0.07
0.1
0.1
0.11
0.21
0.44
0.63
0.57
0.43
0.34
0.27
0.19
0.15
0.12
0.08
0.05
0.04
0.04
0.04
0.05
0.05
0.04
0.04
0.04
0.04
0.05
0.05
0.05
0.04
0.03
0.03
0.02
0.02
0.03
0.03
0.0
0.0
0.0
0.0
0.01
0.01
0.01
0.0
0.01
0.01
0.01
0.01
0.01
0.01
0.01
0.01
0.01
0.01
0.01
0.01
0.01
0.01
0.01
0.01
0.01
0.02
0.02
0.02
0.02
0.03
0.04
0.04
0.04
0.1
0.29
0.44
0.28
0.1
0.08
0.11
0.09
0.05
0.03
0.02
0.02
0.02
0.01
0.02
0.02
0.01
0.01
0.01
0.01
0.01
0.01
0.01
0.01
0.01
0.01
0.01
0.01
0.01
0.01
0.01
0.0
0.0
0.0
0.0
0.01
0.02
0.01
0.02
0.01
0.01
0.01
0.02
0.02
0.02
0.02
0.02
0.02
0.02
0.02
0.03
0.03
0.02
0.02
0.02
0.03
0.04
0.05
0.05
0.04
0.03
0.06
0.1
0.15
0.24
0.44
0.58
0.48
0.31
0.21
0.16
0.13
0.09
0.05
0.04
0.03
0.04
0.04
0.03
0.03
0.02
0.02
0.02
0.02
0.02
0.02
0.02
0.02
0.02
0.02
0.02
0.02
0.02
0.02
0.02
0.0
0.0
0.0
0.0
0.01
0.01
0.04
0.02
0.32
0.2
0.14
0.12
0.11
0.1
0.09
0.08
0.09
0.1
0.09
0.06
0.03
0.03
0.05
0.08
0.09
0.07
0.05
0.06
0.06
0.07
0.1
0.11
0.15
0.3
0.53
0.62
0.45
0.24
0.16
0.16
0.15
0.09
0.06
0.06
0.06
0.04
0.03
0.03
0.03
0.03
0.03
0.02
0.03
0.03
0.03
0.02
0.01
0.01
0.01
0.02
0.03
0.02
0.01
0.01
0.0
0.0
0.0
0.0
0.05
0.06
0.12
0.13
0.08
0.09
0.08
0.07
0.05
0.04
0.04
0.04
0.05
0.04
0.03
0.03
0.05
0.07
0.09
0.09
0.09
0.08
0.07
0.06
0.04
0.03
0.04
0.07
0.11
0.19
0.39
0.52
0.37
0.21
0.16
0.14
0.11
0.06
0.03
0.03
0.04
0.05
0.06
0.06
0.05
0.04
0.03
0.04
0.05
0.07
0.08
0.09
0.08
0.07
0.06
0.05
0.03
0.02
0.03
0.04
0.0
0.0
0.0
0.0
0.0
0.0
0.02
0.0
0.1
0.1
0.09
0.08
0.08
0.07
0.06
0.05
0.04
0.03
0.02
0.01
0.01
0.01
0.02
0.03
0.04
0.05
0.06
0.06
0.06
0.07
0.08
0.09
0.1
0.16
0.33
0.44
0.26
0.09
0.09
0.13
0.11
0.07
0.05
0.04
0.03
0.03
0.02
0.02
0.02
0.01
0.01
0.01
0.01
0.0
0.0
0.01
0.01
0.01
0.01
0.01
0.01
0.01
0.01
0.01
0.0
0.0
0.0
0.0
0.07
0.08
0.09
0.06
0.07
0.05
0.04
0.04
0.04
0.03
0.03
0.02
0.02
0.01
0.01
0.01
0.01
0.01
0.01
0.02
0.02
0.02
0.02
0.02
0.02
0.02
0.03
0.05
0.06
0.13
0.31
0.44
0.27
0.1
0.1
0.14
0.12
0.09
0.07
0.06
0.05
0.05
0.04
0.03
0.03
0.02
0.01
0.01
0.01
0.01
0.01
0.02
0.02
0.03
0.04
0.04
0.04
0.05
0.06
0.06
0.0
0.0
0.0
0.0
0.0
0.0
0.02
0.0
0.01
0.01
0.0
0.0
0.0
0.0
0.0
0.0
0.0
0.0
0.0
0.0
0.0
0.0
0.0
0.01
0.01
0.01
0.01
0.01
0.01
0.01
0.03
0.04
0.05
0.1
0.29
0.44
0.3
0.12
0.1
0.13
0.09
0.04
0.02
0.01
0.01
0.01
0.01
0.01
0.01
0.01
0.0
0.01
0.01
0.0
0.0
0.0
0.0
0.0
0.0
0.0
0.0
0.0
0.01
0.0
0.0
0.0
0.0
0.0
0.07
0.09
0.11
0.08
0.09
0.07
0.05
0.05
0.05
0.05
0.05
0.05
0.04
0.04
0.03
0.02
0.01
0.01
0.02
0.03
0.04
0.05
0.05
0.06
0.06
0.07
0.07
0.08
0.1
0.17
0.35
0.45
0.27
0.09
0.09
0.12
0.11
0.07
0.04
0.03
0.02
0.03
0.03
0.04
0.04
0.04
0.05
0.05
0.04
0.04
0.04
0.04
0.03
0.03
0.02
0.02
0.02
0.02
0.04
0.05
0.0
0.0
0.0
0.0
0.01
0.0
0.01
0.0
0.01
0.01
0.0
0.0
0.0
0.01
0.01
0.01
0.01
0.01
0.01
0.01
0.01
0.01
0.01
0.01
0.01
0.01
0.02
0.01
0.01
0.01
0.03
0.04
0.05
0.1
0.29
0.44
0.29
0.12
0.1
0.12
0.09
0.04
0.02
0.01
0.01
0.01
0.01
0.01
0.01
0.01
0.01
0.01
0.01
0.01
0.01
0.0
0.01
0.01
0.01
0.01
0.01
0.01
0.0
0.0
0.0
0.0
0.0
0.0
0.0
0.0
0.02
0.0
0.0
0.0
0.0
0.0
0.0
0.0
0.0
0.0
0.0
0.0
0.0
0.0
0.0
0.0
0.0
0.0
0.0
0.01
0.01
0.01
0.01
0.01
0.02
0.04
0.05
0.1
0.29
0.44
0.3
0.12
0.11
0.13
0.09
0.03
0.01
0.01
0.01
0.01
0.01
0.01
0.01
0.0
0.0
0.0
0.0
0.0
0.0
0.0
0.0
0.0
0.0
0.0
0.0
0.0
0.0
0.0
0.0
0.0
0.0
0.0
0.01
0.01
0.01
0.0
0.01
0.01
0.01
0.01
0.01
0.01
0.01
0.01
0.01
0.01
0.01
0.01
0.01
0.01
0.01
0.01
0.01
0.02
0.02
0.02
0.02
0.03
0.04
0.04
0.04
0.1
0.29
0.44
0.28
0.1
0.08
0.12
0.09
0.05
0.03
0.02
0.02
0.02
0.01
0.01
0.02
0.01
0.01
0.01
0.01
0.01
0.01
0.01
0.01
0.01
0.01
0.01
0.01
0.01
0.01
0.01
0.0
0.0
0.0
0.0
0.01
0.01
0.01
0.01
0.01
0.01
0.01
0.01
0.01
0.01
0.01
0.01
0.01
0.01
0.01
0.01
0.01
0.01
0.01
0.01
0.01
0.02
0.02
0.02
0.02
0.02
0.03
0.04
0.04
0.1
0.29
0.44
0.29
0.11
0.09
0.12
0.09
0.05
0.03
0.02
0.02
0.01
0.01
0.01
0.02
0.01
0.01
0.01
0.01
0.01
0.01
0.01
0.01
0.01
0.01
0.01
0.01
0.01
0.01
0.01
0.0
0.0
0.0
0.0
0.0
0.01
0.02
0.01
0.01
0.01
0.01
0.01
0.01
0.0
0.0
0.01
0.01
0.01
0.01
0.01
0.01
0.01
0.01
0.01
0.01
0.02
0.02
0.01
0.01
0.02
0.03
0.04
0.04
0.1
0.29
0.44
0.29
0.11
0.09
0.12
0.09
0.05
0.03
0.02
0.02
0.01
0.01
0.01
0.02
0.01
0.01
0.01
0.01
0.01
0.01
0.01
0.01
0.01
0.01
0.01
0.01
0.01
0.01
0.01
0.0
0.0
0.0
0.0
0.01
0.01
0.01
0.0
0.01
0.01
0.01
0.01
0.01
0.01
0.01
0.01
0.01
0.01
0.01
0.01
0.01
0.01
0.01
0.01
0.01
0.01
0.01
0.02
0.03
0.03
0.04
0.03
0.04
0.1
0.29
0.44
0.28
0.09
0.07
0.11
0.1
0.06
0.04
0.03
0.02
0.02
0.01
0.01
0.01
0.01
0.01
0.01
0.01
0.01
0.01
0.01
0.01
0.01
0.01
0.01
0.01
0.01
0.01
0.01
0.0
0.0
0.0
0.0
0.0
0.0
0.01
0.0
0.0
0.0
0.0
0.0
0.0
0.0
0.0
0.0
0.0
0.0
0.0
0.0
0.0
0.0
0.0
0.0
0.0
0.01
0.01
0.01
0.01
0.01
0.02
0.04
0.05
0.1
0.29
0.44
0.3
0.12
0.11
0.13
0.09
0.03
0.01
0.01
0.01
0.01
0.01
0.01
0.01
0.0
0.0
0.0
0.0
0.0
0.0
0.0
0.0
0.0
0.0
0.0
0.0
0.0
0.0
0.0
0.0
0.0
0.0
0.0
0.01
0.0
0.02
0.01
0.01
0.01
0.01
0.01
0.01
0.01
0.01
0.01
0.01
0.01
0.01
0.01
0.01
0.01
0.01
0.01
0.01
0.01
0.02
0.02
0.03
0.03
0.04
0.03
0.04
0.1
0.29
0.44
0.28
0.09
0.08
0.11
0.1
0.06
0.04
0.03
0.02
0.02
0.01
0.01
0.01
0.01
0.01
0.01
0.01
0.01
0.01
0.01
0.01
0.01
0.01
0.01
0.01
0.01
0.01
0.01
0.0
0.0
0.0
0.0
0.01
0.01
0.01
0.0
0.01
0.01
0.0
0.0
0.0
0.01
0.01
0.01
0.01
0.01
0.01
0.01
0.01
0.01
0.01
0.01
0.01
0.01
0.02
0.01
0.01
0.02
0.03
0.04
0.05
0.1
0.29
0.44
0.29
0.12
0.1
0.12
0.09
0.04
0.02
0.02
0.01
0.01
0.01
0.01
0.01
0.01
0.01
0.01
0.01
0.01
0.01
0.01
0.01
0.01
0.01
0.0
0.0
0.0
0.0
0.0
0.0
0.0
0.0
0.0
0.0
0.01
0.01
0.01
0.14
0.08
0.04
0.04
0.06
0.07
0.06
0.04
0.03
0.03
0.04
0.05
0.05
0.04
0.03
0.02
0.04
0.05
0.06
0.05
0.03
0.04
0.06
0.09
0.14
0.23
0.41
0.5
0.33
0.16
0.16
0.17
0.12
0.06
0.04
0.03
0.03
0.02
0.01
0.01
0.01
0.02
0.02
0.01
0.01
0.01
0.01
0.01
0.01
0.01
0.01
0.01
0.01
0.01
0.01
0.01
0.0
0.0
0.0
0.0
0.01
0.01
0.01
0.0
0.01
0.01
0.01
0.01
0.01
0.01
0.01
0.01
0.01
0.01
0.01
0.01
0.01
0.01
0.01
0.01
0.01
0.02
0.02
0.01
0.01
0.02
0.03
0.04
0.05
0.1
0.29
0.44
0.29
0.11
0.09
0.12
0.09
0.05
0.03
0.02
0.02
0.01
0.01
0.01
0.01
0.01
0.01
0.01
0.01
0.01
0.01
0.01
0.01
0.01
0.01
0.01
0.01
0.01
0.01
0.01
0.0
0.0
0.0
0.0
0.01
0.0
0.02
0.01
0.01
0.01
0.01
0.01
0.01
0.01
0.01
0.01
0.01
0.01
0.01
0.01
0.01
0.01
0.01
0.01
0.01
0.01
0.02
0.02
0.03
0.03
0.04
0.03
0.04
0.1
0.29
0.44
0.28
0.09
0.07
0.11
0.1
0.06
0.04
0.03
0.02
0.02
0.02
0.01
0.01
0.01
0.01
0.01
0.01
0.01
0.01
0.01
0.01
0.01
0.01
0.01
0.01
0.01
0.01
0.01
0.0
0.0
0.0
0.0
0.01
0.01
0.01
0.01
0.01
0.01
0.01
0.01
0.01
0.01
0.01
0.01
0.01
0.01
0.01
0.01
0.01
0.01
0.01
0.01
0.01
0.02
0.02
0.02
0.02
0.02
0.03
0.04
0.04
0.1
0.29
0.44
0.29
0.11
0.09
0.12
0.09
0.05
0.03
0.02
0.02
0.01
0.01
0.01
0.02
0.01
0.01
0.01
0.01
0.01
0.01
0.01
0.01
0.01
0.01
0.01
0.01
0.01
0.01
0.01
0.0
0.0
0.0
0.0
0.0
0.0
0.02
0.01
0.01
0.01
0.0
0.0
0.0
0.0
0.0
0.0
0.0
0.01
0.01
0.01
0.01
0.01
0.01
0.01
0.01
0.01
0.02
0.01
0.01
0.01
0.03
0.04
0.05
0.1
0.29
0.44
0.29
0.12
0.1
0.12
0.09
0.04
0.02
0.02
0.01
0.01
0.01
0.01
0.01
0.01
0.01
0.01
0.01
0.01
0.0
0.0
0.0
0.0
0.0
0.0
0.0
0.0
0.0
0.0
0.0
0.0
0.0
0.0
0.0
0.01
0.02
0.0
0.01
0.01
0.01
0.01
0.01
0.0
0.0
0.0
0.0
0.01
0.01
0.01
0.01
0.01
0.01
0.01
0.01
0.02
0.02
0.01
0.01
0.02
0.03
0.04
0.05
0.1
0.29
0.44
0.29
0.11
0.1
0.12
0.09
0.05
0.02
0.02
0.02
0.01
0.01
0.01
0.01
0.01
0.01
0.01
0.01
0.01
0.01
0.01
0.01
0.01
0.01
0.01
0.01
0.0
0.0
0.0
0.0
0.0
0.0
0.0
0.0
0.01
0.02
0.0
0.01
0.0
0.0
0.0
0.0
0.0
0.0
0.0
0.0
0.0
0.0
0.0
0.0
0.0
0.0
0.0
0.01
0.01
0.01
0.01
0.01
0.01
0.02
0.04
0.05
0.1
0.29
0.44
0.29
0.12
0.1
0.12
0.09
0.04
0.01
0.01
0.01
0.01
0.01
0.01
0.01
0.01
0.0
0.0
0.01
0.0
0.0
0.0
0.0
0.0
0.0
0.0
0.0
0.0
0.0
0.0
0.0
0.0
0.0
0.0
0.01
0.01
0.01
0.0
0.01
0.01
0.01
0.01
0.01
0.01
0.01
0.01
0.01
0.01
0.01
0.01
0.01
0.01
0.01
0.01
0.01
0.02
0.02
0.02
0.02
0.03
0.04
0.03
0.04
0.1
0.29
0.44
0.28
0.1
0.08
0.11
0.1
0.06
0.03
0.03
0.02
0.02
0.02
0.02
0.02
0.01
0.01
0.01
0.01
0.01
0.01
0.01
0.01
0.01
0.01
0.01
0.01
0.01
0.01
0.01
0.0
0.0
0.0
0.0
0.07
0.1
0.12
0.07
0.08
0.08
0.07
0.06
0.06
0.08
0.11
0.13
0.14
0.13
0.12
0.11
0.1
0.07
0.05
0.04
0.04
0.04
0.05
0.07
0.09
0.11
0.11
0.1
0.1
0.19
0.4
0.56
0.45
0.3
0.24
0.21
0.17
0.13
0.11
0.1
0.1
0.08
0.07
0.05
0.04
0.04
0.05
0.05
0.05
0.05
0.05
0.05
0.04
0.03
0.04
0.04
0.04
0.03
0.03
0.04
0.0
0.0
0.0
0.0
0.01
0.01
0.02
0.01
0.01
0.01
0.01
0.01
0.01
0.01
0.01
0.01
0.01
0.01
0.01
0.01
0.01
0.01
0.01
0.01
0.01
0.01
0.02
0.02
0.02
0.03
0.04
0.03
0.04
0.1
0.29
0.44
0.28
0.1
0.08
0.11
0.1
0.06
0.03
0.03
0.02
0.02
0.01
0.01
0.01
0.01
0.01
0.01
0.01
0.01
0.01
0.01
0.01
0.01
0.01
0.01
0.01
0.01
0.01
0.01
0.0
0.0
0.0
0.0
0.0
0.01
0.01
0.01
0.15
0.11
0.07
0.04
0.02
0.03
0.05
0.06
0.06
0.05
0.03
0.02
0.02
0.03
0.04
0.05
0.05
0.05
0.04
0.03
0.03
0.06
0.08
0.1
0.13
0.21
0.38
0.48
0.3
0.14
0.14
0.16
0.11
0.05
0.03
0.02
0.02
0.02
0.02
0.02
0.02
0.01
0.01
0.01
0.01
0.01
0.01
0.01
0.01
0.01
0.01
0.01
0.01
0.01
0.01
0.01
0.0
0.0
0.0
0.0
0.02
0.02
0.04
0.03
0.44
0.32
0.2
0.15
0.13
0.12
0.13
0.14
0.12
0.1
0.12
0.12
0.09
0.06
0.05
0.07
0.09
0.11
0.12
0.13
0.13
0.12
0.11
0.13
0.22
0.46
0.73
0.8
0.65
0.49
0.41
0.28
0.16
0.1
0.08
0.07
0.06
0.04
0.04
0.05
0.06
0.05
0.04
0.03
0.03
0.04
0.05
0.04
0.03
0.02
0.02
0.03
0.04
0.04
0.04
0.03
0.0
0.0
0.0
0.0
