poss 2428.57 Hz ons70sample rate 18285.71 hzpercentage 0.89max value 11456.28
0.09
0.09
0.07
0.16
0.07
0.05
0.04
0.07
0.10
0.11
0.09
0.07
0.09
0.15
0.23
0.43
0.68
0.77
0.62
0.44
0.30
0.16
0.08
0.05
0.05
0.06
0.07
0.09
0.09
0.09
0.08
0.07
0.09
0.12
0.13
0.11
0.08
0.07
0.06
0.04
0.03
0.04
0.05
0.05
0.07
0.09
0.12
0.15
0.18
0.18
0.18
0.17
0.12
0.08
0.07
0.07
0.07
0.06
0.06
0.06
0.00
0.00
0.00
0.00
poss 2666.67 Hz ons71sample rate 21333.33 hzpercentage 0.92max value 14696.38
0.02
0.02
0.03
0.02
0.04
0.04
0.04
0.05
0.06
0.06
0.07
0.08
0.10
0.14
0.23
0.43
0.62
0.54
0.31
0.17
0.10
0.08
0.06
0.05
0.04
0.04
0.03
0.03
0.03
0.03
0.02
0.02
0.02
0.02
0.02
0.02
0.01
0.01
0.02
0.02
0.01
0.01
0.01
0.01
0.02
0.06
0.09
0.09
0.13
0.17
0.12
0.05
0.03
0.02
0.02
0.02
0.02
0.02
0.01
0.01
0.00
0.00
0.00
0.00
poss 2166.67 Hz ons73sample rate 21333.33 hzpercentage 0.94max value 16254.05
0.01
0.02
0.02
0.04
0.04
0.04
0.05
0.05
0.06
0.08
0.12
0.22
0.42
0.53
0.36
0.16
0.08
0.06
0.04
0.03
0.03
0.02
0.02
0.01
0.02
0.04
0.06
0.05
0.04
0.03
0.03
0.03
0.03
0.03
0.03
0.04
0.06
0.10
0.14
0.10
0.04
0.02
0.01
0.01
0.00
0.00
0.00
0.00
0.01
0.01
0.03
0.05
0.03
0.01
0.01
0.00
0.00
0.00
0.01
0.01
0.00
0.00
0.00
0.00
poss 500.00 Hz ons71sample rate 21333.33 hzpercentage 0.84max value 10677.08
0.27
0.19
0.02
0.09
0.38
0.25
0.24
0.19
0.14
0.16
0.16
0.13
0.12
0.16
0.19
0.17
0.16
0.16
0.13
0.13
0.19
0.26
0.26
0.22
0.20
0.15
0.10
0.09
0.10
0.13
0.15
0.16
0.12
0.13
0.19
0.24
0.25
0.21
0.14
0.10
0.09
0.10
0.11
0.09
0.06
0.05
0.07
0.11
0.13
0.12
0.10
0.11
0.13
0.12
0.11
0.13
0.14
0.10
0.09
0.15
0.00
0.00
0.00
0.00
poss 500.00 Hz ons61sample rate 21333.33 hzpercentage 0.83max value 10864.25
0.05
0.05
0.04
0.13
0.45
0.40
0.35
0.26
0.24
0.29
0.36
0.32
0.24
0.19
0.16
0.18
0.21
0.20
0.17
0.17
0.16
0.13
0.12
0.15
0.18
0.19
0.19
0.18
0.18
0.15
0.13
0.16
0.18
0.17
0.14
0.13
0.13
0.14
0.12
0.09
0.08
0.09
0.08
0.08
0.07
0.06
0.08
0.11
0.12
0.13
0.11
0.08
0.08
0.10
0.12
0.11
0.10
0.10
0.10
0.07
0.00
0.00
0.00
0.00
poss 428.57 Hz ons60sample rate 18285.71 hzpercentage 0.88max value 10242.02
0.10
0.10
0.03
0.11
0.64
0.63
0.55
0.36
0.24
0.21
0.16
0.13
0.14
0.16
0.18
0.16
0.15
0.16
0.15
0.15
0.14
0.14
0.15
0.19
0.22
0.21
0.16
0.12
0.09
0.09
0.11
0.13
0.14
0.17
0.14
0.10
0.08
0.08
0.10
0.12
0.11
0.09
0.08
0.08
0.09
0.07
0.05
0.07
0.09
0.08
0.09
0.10
0.07
0.05
0.06
0.08
0.09
0.10
0.09
0.10
0.00
0.00
0.00
0.00
poss 500.00 Hz ons73sample rate 21333.33 hzpercentage 0.94max value 12133.71
0.10
0.08
0.06
0.09
0.55
0.41
0.29
0.21
0.20
0.13
0.09
0.11
0.14
0.17
0.18
0.15
0.14
0.15
0.15
0.14
0.14
0.16
0.14
0.12
0.12
0.10
0.08
0.08
0.13
0.18
0.16
0.11
0.12
0.12
0.10
0.11
0.12
0.13
0.14
0.14
0.10
0.07
0.08
0.10
0.10
0.09
0.08
0.08
0.10
0.09
0.09
0.12
0.14
0.13
0.11
0.09
0.07
0.07
0.06
0.07
0.00
0.00
0.00
0.00
poss 500.00 Hz ons64sample rate 21333.33 hzpercentage 0.81max value 9883.49
0.14
0.08
0.05
0.13
0.44
0.39
0.42
0.47
0.44
0.33
0.23
0.16
0.13
0.16
0.18
0.20
0.20
0.19
0.16
0.17
0.20
0.20
0.18
0.18
0.18
0.21
0.24
0.18
0.15
0.18
0.19
0.17
0.15
0.15
0.15
0.12
0.11
0.11
0.10
0.15
0.19
0.14
0.11
0.13
0.13
0.11
0.09
0.07
0.06
0.07
0.06
0.06
0.07
0.09
0.12
0.12
0.11
0.10
0.10
0.11
0.00
0.00
0.00
0.00
poss 500.00 Hz ons68sample rate 21333.33 hzpercentage 0.81max value 10691.43
0.06
0.10
0.07
0.17
0.59
0.45
0.28
0.17
0.24
0.35
0.33
0.26
0.22
0.25
0.30
0.31
0.24
0.15
0.13
0.13
0.12
0.13
0.15
0.15
0.14
0.12
0.11
0.10
0.10
0.11
0.15
0.17
0.15
0.11
0.09
0.10
0.11
0.11
0.11
0.11
0.12
0.11
0.09
0.08
0.07
0.06
0.05
0.05
0.04
0.05
0.06
0.07
0.09
0.09
0.09
0.09
0.09
0.09
0.07
0.06
0.00
0.00
0.00
0.00
poss 500.00 Hz ons71sample rate 21333.33 hzpercentage 0.81max value 10890.41
0.05
0.11
0.13
0.08
0.52
0.37
0.28
0.29
0.32
0.25
0.18
0.14
0.15
0.21
0.22
0.20
0.18
0.16
0.15
0.14
0.13
0.15
0.18
0.15
0.10
0.11
0.16
0.19
0.21
0.24
0.24
0.17
0.11
0.10
0.14
0.13
0.09
0.09
0.11
0.10
0.09
0.10
0.12
0.12
0.10
0.08
0.07
0.07
0.08
0.11
0.12
0.13
0.12
0.13
0.14
0.10
0.09
0.11
0.12
0.11
0.00
0.00
0.00
0.00
poss 428.57 Hz ons72sample rate 18285.71 hzpercentage 0.84max value 10312.16
0.10
0.10
0.02
0.06
0.66
0.49
0.34
0.27
0.28
0.30
0.27
0.20
0.16
0.16
0.20
0.21
0.18
0.14
0.16
0.20
0.15
0.08
0.06
0.08
0.12
0.14
0.14
0.15
0.16
0.18
0.20
0.18
0.13
0.11
0.12
0.11
0.09
0.08
0.12
0.16
0.13
0.10
0.11
0.10
0.09
0.08
0.08
0.09
0.10
0.11
0.14
0.14
0.11
0.07
0.05
0.06
0.07
0.09
0.11
0.10
0.00
0.00
0.00
0.00
poss 500.00 Hz ons70sample rate 21333.33 hzpercentage 0.88max value 11028.24
0.03
0.09
0.09
0.11
0.39
0.27
0.36
0.39
0.29
0.21
0.22
0.23
0.19
0.18
0.18
0.14
0.14
0.16
0.14
0.14
0.17
0.18
0.14
0.10
0.10
0.11
0.11
0.11
0.09
0.10
0.14
0.19
0.19
0.12
0.06
0.07
0.10
0.11
0.12
0.13
0.16
0.16
0.15
0.13
0.12
0.12
0.12
0.12
0.14
0.12
0.07
0.06
0.08
0.12
0.13
0.10
0.08
0.08
0.09
0.08
0.00
0.00
0.00
0.00
poss 500.00 Hz ons63sample rate 21333.33 hzpercentage 0.88max value 11712.13
0.10
0.17
0.10
0.04
0.38
0.24
0.22
0.30
0.34
0.24
0.17
0.19
0.21
0.18
0.18
0.18
0.14
0.14
0.19
0.21
0.15
0.11
0.13
0.16
0.14
0.11
0.10
0.11
0.15
0.17
0.15
0.13
0.12
0.13
0.15
0.14
0.11
0.10
0.10
0.09
0.10
0.13
0.13
0.11
0.11
0.12
0.12
0.10
0.09
0.10
0.10
0.09
0.10
0.09
0.07
0.07
0.08
0.09
0.09
0.09
0.00
0.00
0.00
0.00
poss 500.00 Hz ons72sample rate 21333.33 hzpercentage 0.81max value 10945.32
0.11
0.04
0.03
0.06
0.47
0.29
0.20
0.23
0.33
0.33
0.23
0.24
0.31
0.27
0.18
0.14
0.17
0.22
0.24
0.22
0.19
0.15
0.12
0.11
0.11
0.16
0.19
0.18
0.15
0.14
0.13
0.11
0.09
0.06
0.05
0.08
0.13
0.14
0.10
0.08
0.08
0.06
0.03
0.04
0.08
0.11
0.11
0.11
0.12
0.10
0.07
0.06
0.07
0.07
0.08
0.08
0.07
0.09
0.11
0.11
0.00
0.00
0.00
0.00
poss 500.00 Hz ons66sample rate 21333.33 hzpercentage 0.91max value 11119.25
0.22
0.07
0.10
0.07
0.60
0.48
0.38
0.31
0.25
0.18
0.16
0.16
0.12
0.10
0.12
0.19
0.19
0.14
0.11
0.12
0.10
0.09
0.11
0.14
0.16
0.16
0.15
0.13
0.11
0.10
0.11
0.12
0.12
0.10
0.10
0.12
0.14
0.14
0.11
0.10
0.11
0.12
0.11
0.09
0.09
0.10
0.12
0.13
0.10
0.09
0.09
0.09
0.08
0.08
0.09
0.08
0.08
0.11
0.15
0.17
0.00
0.00
0.00
0.00
poss 500.00 Hz ons65sample rate 21333.33 hzpercentage 0.91max value 11871.60
0.06
0.14
0.16
0.07
0.37
0.18
0.15
0.19
0.23
0.23
0.21
0.14
0.10
0.11
0.15
0.21
0.24
0.18
0.11
0.08
0.10
0.12
0.12
0.10
0.07
0.04
0.04
0.06
0.09
0.09
0.07
0.07
0.09
0.11
0.11
0.10
0.10
0.13
0.14
0.12
0.10
0.10
0.10
0.10
0.12
0.10
0.09
0.11
0.10
0.08
0.06
0.06
0.09
0.11
0.11
0.10
0.12
0.13
0.13
0.12
0.00
0.00
0.00
0.00
poss 500.00 Hz ons73sample rate 21333.33 hzpercentage 0.86max value 11153.10
0.03
0.07
0.10
0.05
0.51
0.45
0.32
0.21
0.17
0.15
0.17
0.20
0.20
0.21
0.23
0.24
0.27
0.24
0.17
0.14
0.15
0.15
0.13
0.10
0.09
0.09
0.11
0.13
0.11
0.10
0.14
0.18
0.14
0.11
0.11
0.10
0.09
0.10
0.10
0.10
0.10
0.08
0.06
0.04
0.06
0.09
0.10
0.10
0.10
0.08
0.05
0.06
0.08
0.10
0.11
0.11
0.12
0.10
0.08
0.06
0.00
0.00
0.00
0.00
poss 428.57 Hz ons70sample rate 18285.71 hzpercentage 0.89max value 12890.55
0.07
0.10
0.08
0.06
0.44
0.27
0.19
0.23
0.27
0.24
0.23
0.21
0.18
0.16
0.13
0.12
0.13
0.12
0.10
0.11
0.15
0.18
0.18
0.16
0.11
0.10
0.14
0.15
0.15
0.14
0.10
0.09
0.09
0.09
0.07
0.05
0.05
0.06
0.08
0.10
0.10
0.09
0.06
0.04
0.04
0.04
0.05
0.04
0.04
0.04
0.05
0.05
0.07
0.08
0.08
0.09
0.09
0.07
0.06
0.07
0.00
0.00
0.00
0.00
poss 833.33 Hz ons71sample rate 21333.33 hzpercentage 0.89max value 10682.82
0.08
0.14
0.05
0.09
0.56
0.58
0.45
0.33
0.32
0.29
0.21
0.13
0.12
0.16
0.17
0.16
0.14
0.12
0.13
0.16
0.16
0.17
0.16
0.10
0.08
0.09
0.11
0.13
0.13
0.14
0.15
0.16
0.14
0.10
0.09
0.08
0.10
0.13
0.12
0.11
0.12
0.13
0.13
0.13
0.11
0.10
0.11
0.10
0.09
0.10
0.11
0.11
0.13
0.16
0.13
0.09
0.08
0.09
0.10
0.09
0.00
0.00
0.00
0.00
poss 428.57 Hz ons66sample rate 18285.71 hzpercentage 0.84max value 10209.94
0.16
0.17
0.07
0.16
0.51
0.35
0.31
0.36
0.34
0.22
0.17
0.18
0.20
0.19
0.22
0.28
0.24
0.16
0.13
0.11
0.11
0.15
0.18
0.14
0.15
0.18
0.19
0.18
0.15
0.11
0.11
0.11
0.11
0.13
0.14
0.14
0.13
0.12
0.09
0.07
0.09
0.13
0.15
0.13
0.14
0.17
0.16
0.13
0.14
0.13
0.12
0.11
0.12
0.13
0.10
0.06
0.06
0.06
0.06
0.10
0.00
0.00
0.00
0.00