0.04
0.05
0.06
0.19
0.02
0.03
0.03
0.04
0.05
0.07
0.13
0.26
0.50
0.61
0.44
0.22
0.13
0.09
0.07
0.06
0.05
0.04
0.04
0.04
0.04
0.06
0.06
0.05
0.04
0.03
0.03
0.02
0.02
0.03
0.03
0.02
0.04
0.11
0.19
0.15
0.08
0.05
0.04
0.03
0.03
0.02
0.02
0.02
0.03
0.04
0.05
0.06
0.06
0.04
0.03
0.02
0.02
0.02
0.02
0.03
0.00
0.00
0.00
0.00
0.01
0.01
0.02
0.09
0.05
0.05
0.05
0.06
0.07
0.10
0.15
0.27
0.47
0.55
0.37
0.17
0.10
0.08
0.06
0.06
0.05
0.05
0.06
0.07
0.09
0.08
0.05
0.04
0.03
0.02
0.01
0.01
0.01
0.01
0.02
0.02
0.04
0.11
0.19
0.15
0.06
0.02
0.01
0.01
0.01
0.01
0.01
0.01
0.02
0.03
0.04
0.06
0.08
0.06
0.03
0.01
0.01
0.01
0.01
0.01
0.00
0.00
0.00
0.00
0.03
0.08
0.09
0.17
0.03
0.02
0.03
0.04
0.05
0.07
0.11
0.25
0.53
0.67
0.51
0.28
0.16
0.10
0.07
0.06
0.06
0.05
0.04
0.04
0.05
0.06
0.06
0.04
0.04
0.03
0.03
0.04
0.04
0.05
0.05
0.05
0.09
0.16
0.20
0.16
0.11
0.09
0.09
0.08
0.07
0.06
0.05
0.05
0.06
0.06
0.06
0.06
0.07
0.06
0.03
0.03
0.03
0.04
0.03
0.04
0.00
0.00
0.00
0.00
0.03
0.05
0.07
0.15
0.03
0.03
0.04
0.05
0.06
0.08
0.12
0.26
0.51
0.63
0.46
0.24
0.14
0.09
0.07
0.06
0.05
0.05
0.05
0.05
0.06
0.07
0.06
0.04
0.03
0.02
0.02
0.03
0.03
0.03
0.03
0.04
0.07
0.14
0.19
0.15
0.09
0.06
0.06
0.05
0.05
0.04
0.03
0.04
0.04
0.05
0.05
0.06
0.07
0.05
0.03
0.02
0.03
0.03
0.03
0.03
0.00
0.00
0.00
0.00