0.14
0.20
0.19
1.00
0.02
0.02
0.02
0.02
0.01
0.01
0.01
0.01
0.01
0.01
0.01
0.01
0.01
0.01
0.01
0.01
0.02
0.02
0.02
0.02
0.02
0.02
0.02
0.02
0.02
0.02
0.02
0.02
0.02
0.02
0.02
0.02
0.02
0.02
0.02
0.02
0.02
0.02
0.03
0.03
0.03
0.03
0.03
0.03
0.03
0.04
0.04
0.04
0.05
0.05
0.06
0.06
0.07
0.08
0.09
0.12
0.00
0.00
0.00
0.00
0.16
0.32
0.66
1.00
0.03
0.03
0.03
0.03
0.03
0.02
0.02
0.01
0.01
0.02
0.02
0.02
0.02
0.01
0.01
0.01
0.01
0.01
0.02
0.02
0.02
0.02
0.02
0.02
0.02
0.02
0.02
0.02
0.02
0.02
0.02
0.02
0.02
0.02
0.02
0.02
0.03
0.03
0.03
0.03
0.03
0.03
0.03
0.03
0.04
0.04
0.04
0.04
0.05
0.05
0.06
0.06
0.07
0.08
0.11
0.14
0.00
0.00
0.00
0.00
0.14
0.15
0.38
1.00
0.02
0.02
0.02
0.02
0.02
0.02
0.01
0.01
0.02
0.02
0.01
0.02
0.02
0.02
0.02
0.02
0.02
0.02
0.02
0.02
0.02
0.02
0.02
0.02
0.02
0.02
0.02
0.02
0.02
0.02
0.02
0.02
0.02
0.02
0.02
0.03
0.03
0.03
0.03
0.03
0.03
0.03
0.03
0.04
0.04
0.04
0.04
0.05
0.05
0.05
0.06
0.07
0.07
0.09
0.11
0.12
0.00
0.00
0.00
0.00
0.15
0.21
0.40
1.00
0.02
0.02
0.02
0.02
0.02
0.02
0.01
0.01
0.02
0.02
0.02
0.02
0.02
0.02
0.02
0.02
0.02
0.02
0.02
0.02
0.02
0.02
0.02
0.02
0.02
0.02
0.02
0.02
0.02
0.02
0.02
0.02
0.02
0.02
0.02
0.02
0.03
0.03
0.03
0.03
0.03
0.03
0.03
0.03
0.04
0.04
0.04
0.04
0.05
0.05
0.06
0.06
0.07
0.08
0.10
0.13
0.00
0.00
0.00
0.00