0.02
0.01
0.03
0.05
0.02
0.03
0.03
0.03
0.04
0.05
0.07
0.15
0.35
0.49
0.32
0.13
0.06
0.04
0.03
0.02
0.02
0.02
0.02
0.02
0.02
0.04
0.04
0.03
0.02
0.02
0.02
0.02
0.03
0.03
0.03
0.04
0.06
0.11
0.17
0.17
0.1
0.05
0.03
0.02
0.01
0.01
0.01
0.01
0.01
0.01
0.02
0.03
0.03
0.02
0.01
0.01
0.01
0.01
0.01
0.02
0.0
0.0
0.0
0.0
0.07
0.08
0.15
0.23
0.05
0.06
0.07
0.1
0.18
0.23
0.24
0.36
0.64
0.83
0.75
0.48
0.31
0.24
0.18
0.13
0.11
0.08
0.06
0.07
0.11
0.15
0.18
0.16
0.11
0.07
0.06
0.07
0.09
0.09
0.07
0.07
0.1
0.16
0.24
0.26
0.21
0.12
0.07
0.08
0.1
0.1
0.11
0.12
0.1
0.07
0.07
0.07
0.08
0.09
0.08
0.05
0.05
0.06
0.06
0.06
0.0
0.0
0.0
0.0
0.02
0.01
0.02
0.04
0.02
0.03
0.03
0.03
0.04
0.05
0.07
0.16
0.36
0.49
0.33
0.14
0.06
0.04
0.03
0.03
0.03
0.03
0.02
0.03
0.03
0.03
0.03
0.02
0.01
0.01
0.01
0.02
0.02
0.02
0.03
0.03
0.05
0.11
0.18
0.17
0.11
0.06
0.04
0.02
0.02
0.02
0.02
0.02
0.02
0.02
0.03
0.04
0.03
0.01
0.01
0.01
0.01
0.01
0.01
0.01
0.0
0.0
0.0
0.0
0.02
0.03
0.05
0.09
0.01
0.02
0.02
0.03
0.03
0.04
0.05
0.12
0.31
0.46
0.31
0.11
0.05
0.04
0.03
0.03
0.03
0.03
0.02
0.02
0.04
0.05
0.04
0.02
0.01
0.01
0.01
0.01
0.01
0.02
0.02
0.03
0.04
0.07
0.11
0.14
0.1
0.05
0.03
0.02
0.02
0.02
0.02
0.02
0.02
0.02
0.04
0.05
0.04
0.02
0.01
0.01
0.01
0.01
0.01
0.01
0.0
0.0
0.0
0.0
0.02
0.02
0.03
0.09
0.02
0.02
0.02
0.03
0.03
0.04
0.06
0.13
0.32
0.47
0.31
0.12
0.05
0.04
0.03
0.03
0.02
0.02
0.02
0.03
0.04
0.05
0.04
0.02
0.01
0.01
0.01
0.01
0.02
0.02
0.02
0.03
0.05
0.08
0.13
0.14
0.1
0.05
0.03
0.03
0.03
0.02
0.02
0.01
0.01
0.02
0.04
0.05
0.03
0.01
0.01
0.01
0.01
0.02
0.02
0.01
0.0
0.0
0.0
0.0
0.07
0.08
0.08
0.13
0.04
0.04
0.05
0.06
0.11
0.14
0.19
0.39
0.68
0.81
0.7
0.49
0.28
0.16
0.13
0.11
0.1
0.11
0.09
0.06
0.06
0.06
0.05
0.07
0.08
0.07
0.04
0.04
0.04
0.04
0.06
0.06
0.06
0.12
0.25
0.3
0.22
0.12
0.08
0.06
0.07
0.07
0.05
0.03
0.03
0.04
0.04
0.04
0.04
0.05
0.06
0.06
0.04
0.04
0.05
0.06
0.0
0.0
0.0
0.0
0.01
0.02
0.03
0.07
0.02
0.03
0.03
0.03
0.03
0.04
0.06
0.14
0.33
0.47
0.32
0.12
0.06
0.04
0.03
0.02
0.02
0.02
0.02
0.03
0.04
0.04
0.04
0.02
0.01
0.01
0.01
0.02
0.02
0.02
0.02
0.03
0.05
0.09
0.14
0.15
0.1
0.05
0.03
0.03
0.02
0.02
0.01
0.02
0.02
0.02
0.03
0.05
0.03
0.02
0.01
0.01
0.01
0.01
0.01
0.01
0.0
0.0
0.0
0.0
0.01
0.01
0.02
0.04
0.02
0.03
0.03
0.03
0.04
0.05
0.08
0.16
0.36
0.49
0.33
0.14
0.06
0.04
0.04
0.03
0.03
0.03
0.02
0.02
0.03
0.03
0.02
0.02
0.01
0.01
0.02
0.02
0.02
0.02
0.03
0.04
0.06
0.11
0.18
0.17
0.11
0.06
0.03
0.02
0.02
0.02
0.02
0.02
0.02
0.02
0.03
0.03
0.02
0.01
0.01
0.01
0.01
0.01
0.01
0.01
0.0
0.0
0.0
0.0
0.01
0.01
0.02
0.04
0.03
0.03
0.03
0.03
0.04
0.05
0.08
0.16
0.36
0.49
0.33
0.13
0.06
0.04
0.03
0.03
0.02
0.02
0.02
0.02
0.02
0.04
0.04
0.04
0.03
0.02
0.02
0.02
0.03
0.03
0.03
0.04
0.06
0.12
0.18
0.17
0.1
0.05
0.03
0.02
0.01
0.01
0.01
0.01
0.01
0.01
0.02
0.03
0.03
0.02
0.02
0.01
0.01
0.01
0.01
0.01
0.0
0.0
0.0
0.0
0.02
0.02
0.03
0.07
0.01
0.02
0.02
0.02
0.03
0.04
0.06
0.14
0.34
0.48
0.32
0.13
0.06
0.04
0.03
0.03
0.03
0.03
0.02
0.02
0.02
0.03
0.02
0.02
0.01
0.01
0.01
0.01
0.01
0.01
0.02
0.02
0.05
0.1
0.16
0.17
0.11
0.06
0.04
0.03
0.03
0.03
0.02
0.03
0.02
0.02
0.03
0.03
0.03
0.02
0.02
0.02
0.02
0.01
0.02
0.02
0.0
0.0
0.0
0.0
0.02
0.01
0.03
0.08
0.01
0.02
0.02
0.03
0.03
0.04
0.06
0.14
0.33
0.47
0.31
0.12
0.06
0.04
0.03
0.03
0.03
0.03
0.02
0.03
0.04
0.05
0.05
0.02
0.01
0.01
0.01
0.01
0.01
0.01
0.02
0.02
0.05
0.08
0.13
0.15
0.1
0.05
0.04
0.03
0.02
0.02
0.03
0.02
0.02
0.03
0.04
0.06
0.04
0.02
0.01
0.01
0.01
0.01
0.01
0.01
0.0
0.0
0.0
0.0
0.02
0.02
0.03
0.06
0.03
0.03
0.03
0.04
0.04
0.05
0.07
0.15
0.34
0.48
0.32
0.12
0.05
0.03
0.02
0.02
0.02
0.01
0.01
0.02
0.05
0.09
0.11
0.08
0.05
0.03
0.03
0.03
0.03
0.03
0.03
0.04
0.06
0.09
0.13
0.13
0.08
0.04
0.02
0.01
0.01
0.0
0.0
0.01
0.01
0.03
0.06
0.1
0.08
0.05
0.03
0.02
0.01
0.01
0.01
0.02
0.0
0.0
0.0
0.0
0.01
0.01
0.01
0.0
0.03
0.03
0.03
0.03
0.03
0.04
0.07
0.15
0.34
0.48
0.32
0.12
0.05
0.03
0.02
0.02
0.02
0.01
0.01
0.02
0.02
0.05
0.07
0.06
0.04
0.04
0.03
0.03
0.03
0.03
0.03
0.03
0.05
0.1
0.15
0.15
0.09
0.05
0.02
0.02
0.02
0.02
0.02
0.01
0.02
0.02
0.03
0.04
0.05
0.05
0.03
0.03
0.03
0.02
0.02
0.02
0.0
0.0
0.0
0.0
0.04
0.02
0.06
0.17
0.05
0.04
0.05
0.08
0.11
0.11
0.13
0.28
0.53
0.63
0.48
0.28
0.17
0.13
0.13
0.11
0.08
0.08
0.09
0.1
0.1
0.1
0.1
0.09
0.07
0.04
0.04
0.04
0.04
0.04
0.05
0.06
0.08
0.13
0.22
0.22
0.14
0.06
0.03
0.03
0.04
0.04
0.03
0.02
0.02
0.03
0.05
0.06
0.05
0.04
0.04
0.03
0.02
0.02
0.02
0.03
0.0
0.0
0.0
0.0
0.08
0.09
0.1
0.09
0.32
0.22
0.22
0.24
0.18
0.14
0.18
0.28
0.41
0.4
0.27
0.19
0.2
0.2
0.19
0.16
0.13
0.12
0.1
0.09
0.14
0.22
0.26
0.22
0.14
0.12
0.12
0.12
0.09
0.07
0.07
0.09
0.12
0.15
0.21
0.3
0.33
0.27
0.17
0.09
0.06
0.09
0.15
0.19
0.2
0.18
0.17
0.16
0.14
0.12
0.09
0.08
0.09
0.1
0.11
0.11
0.0
0.0
0.0
0.0
0.02
0.03
0.02
0.04
0.02
0.03
0.03
0.03
0.03
0.04
0.06
0.15
0.35
0.48
0.32
0.13
0.07
0.06
0.05
0.03
0.02
0.02
0.03
0.04
0.05
0.07
0.07
0.05
0.03
0.02
0.02
0.03
0.04
0.03
0.02
0.02
0.04
0.09
0.15
0.15
0.1
0.06
0.05
0.04
0.04
0.03
0.03
0.03
0.03
0.04
0.05
0.07
0.06
0.05
0.03
0.02
0.01
0.01
0.02
0.02
0.0
0.0
0.0
0.0
0.02
0.04
0.04
0.04
0.04
0.04
0.04
0.03
0.03
0.04
0.06
0.14
0.33
0.48
0.33
0.14
0.06
0.05
0.04
0.03
0.02
0.03
0.04
0.05
0.08
0.13
0.13
0.08
0.04
0.03
0.03
0.03
0.03
0.03
0.03
0.03
0.04
0.09
0.14
0.15
0.1
0.06
0.05
0.04
0.04
0.04
0.03
0.03
0.03
0.04
0.08
0.11
0.09
0.05
0.03
0.02
0.03
0.03
0.04
0.03
0.0
0.0
0.0
0.0
0.02
0.02
0.05
0.08
0.02
0.02
0.02
0.03
0.03
0.04
0.06
0.13
0.32
0.47
0.31
0.12
0.05
0.04
0.03
0.03
0.03
0.02
0.02
0.02
0.03
0.04
0.04
0.02
0.01
0.01
0.01
0.01
0.01
0.02
0.02
0.03
0.05
0.08
0.12
0.14
0.1
0.05
0.03
0.03
0.02
0.02
0.02
0.02
0.02
0.02
0.03
0.04
0.03
0.01
0.01
0.01
0.01
0.01
0.01
0.01
0.0
0.0
0.0
0.0
0.01
0.02
0.03
0.05
0.02
0.02
0.02
0.03
0.03
0.04
0.07
0.15
0.35
0.49
0.33
0.14
0.06
0.05
0.04
0.03
0.03
0.03
0.03
0.03
0.04
0.06
0.05
0.03
0.02
0.01
0.01
0.01
0.01
0.01
0.02
0.02
0.04
0.09
0.16
0.16
0.11
0.06
0.04
0.03
0.03
0.03
0.02
0.02
0.03
0.04
0.05
0.07
0.05
0.03
0.01
0.01
0.01
0.01
0.01
0.01
0.0
0.0
0.0
0.0
0.02
0.01
0.01
0.02
0.03
0.03
0.03
0.03
0.04
0.05
0.07
0.15
0.35
0.49
0.32
0.13
0.06
0.04
0.03
0.02
0.02
0.02
0.02
0.01
0.02
0.04
0.06
0.06
0.04
0.03
0.03
0.03
0.03
0.03
0.03
0.04
0.06
0.11
0.17
0.16
0.1
0.05
0.02
0.02
0.01
0.01
0.01
0.01
0.01
0.02
0.02
0.03
0.04
0.04
0.03
0.02
0.02
0.02
0.02
0.01
0.0
0.0
0.0
0.0
0.03
0.03
0.05
0.08
0.03
0.03
0.02
0.03
0.04
0.04
0.05
0.13
0.32
0.47
0.32
0.12
0.05
0.04
0.04
0.03
0.02
0.03
0.04
0.04
0.04
0.03
0.03
0.02
0.02
0.02
0.03
0.03
0.02
0.03
0.03
0.04
0.05
0.08
0.14
0.16
0.11
0.06
0.04
0.03
0.03
0.03
0.03
0.02
0.03
0.04
0.04
0.04
0.03
0.02
0.02
0.02
0.03
0.03
0.02
0.02
0.0
0.0
0.0
0.0
0.08
0.03
0.09
0.28
0.11
0.09
0.11
0.12
0.14
0.18
0.26
0.48
0.75
0.84
0.7
0.42
0.24
0.15
0.1
0.09
0.09
0.07
0.06
0.05
0.04
0.03
0.05
0.06
0.06
0.06
0.05
0.05
0.06
0.05
0.04
0.05
0.07
0.14
0.25
0.3
0.21
0.11
0.05
0.03
0.02
0.02
0.02
0.03
0.03
0.04
0.04
0.05
0.06
0.06
0.05
0.05
0.04
0.05
0.05
0.05
0.0
0.0
0.0
0.0
0.01
0.02
0.03
0.06
0.02
0.03
0.03
0.02
0.03
0.04
0.07
0.14
0.34
0.48
0.32
0.13
0.06
0.04
0.03
0.02
0.02
0.03
0.03
0.03
0.04
0.05
0.05
0.02
0.01
0.01
0.01
0.02
0.02
0.02
0.02
0.03
0.05
0.09
0.15
0.16
0.11
0.06
0.04
0.03
0.02
0.02
0.02
0.02
0.02
0.03
0.04
0.05
0.04
0.02
0.01
0.01
0.01
0.01
0.02
0.02
0.0
0.0
0.0
0.0
0.02
0.0
0.03
0.05
0.02
0.02
0.02
0.03
0.03
0.04
0.06
0.14
0.34
0.48
0.32
0.12
0.06
0.04
0.04
0.03
0.03
0.03
0.03
0.04
0.05
0.06
0.06
0.04
0.02
0.01
0.01
0.01
0.01
0.02
0.02
0.03
0.05
0.09
0.15
0.16
0.11
0.05
0.03
0.03
0.02
0.02
0.02
0.02
0.03
0.04
0.06
0.07
0.06
0.04
0.02
0.01
0.01
0.01
0.01
0.01
0.0
0.0
0.0
0.0
0.02
0.03
0.03
0.08
0.02
0.02
0.02
0.03
0.04
0.04
0.05
0.13
0.32
0.46
0.31
0.12
0.05
0.04
0.04
0.04
0.03
0.02
0.02
0.03
0.05
0.07
0.06
0.03
0.01
0.01
0.01
0.01
0.02
0.02
0.03
0.03
0.04
0.07
0.12
0.14
0.1
0.06
0.03
0.03
0.03
0.03
0.02
0.02
0.02
0.03
0.05
0.07
0.05
0.02
0.01
0.01
0.01
0.02
0.02
0.02
0.0
0.0
0.0
0.0
0.01
0.01
0.02
0.03
0.03
0.03
0.03
0.03
0.04
0.05
0.07
0.16
0.36
0.5
0.33
0.14
0.06
0.04
0.03
0.03
0.02
0.02
0.02
0.02
0.03
0.02
0.02
0.02
0.02
0.02
0.02
0.02
0.02
0.02
0.03
0.03
0.06
0.11
0.18
0.18
0.11
0.06
0.03
0.02
0.02
0.01
0.01
0.01
0.01
0.02
0.02
0.02
0.02
0.01
0.01
0.01
0.01
0.01
0.01
0.01
0.0
0.0
0.0
0.0
0.03
0.03
0.03
0.06
0.03
0.03
0.02
0.02
0.02
0.03
0.06
0.14
0.33
0.48
0.33
0.14
0.07
0.04
0.03
0.03
0.03
0.02
0.03
0.05
0.08
0.12
0.11
0.06
0.03
0.01
0.01
0.02
0.02
0.03
0.02
0.02
0.04
0.08
0.13
0.14
0.1
0.06
0.05
0.04
0.03
0.02
0.02
0.02
0.02
0.03
0.07
0.11
0.08
0.04
0.02
0.02
0.02
0.02
0.02
0.02
0.0
0.0
0.0
0.0
