0.01
0.01
0.01
0.01
0.02
0.02
0.02
0.02
0.02
0.02
0.02
0.02
0.02
0.02
0.02
0.02
0.03
0.03
0.03
0.04
0.05
0.05
0.07
0.11
0.21
0.42
0.54
0.37
0.17
0.09
0.06
0.05
0.04
0.03
0.03
0.03
0.03
0.02
0.02
0.02
0.02
0.02
0.02
0.02
0.02
0.02
0.02
0.02
0.04
0.07
0.12
0.15
0.11
0.05
0.03
0.02
0.02
0.01
0.01
0.01
0.0
0.0
0.0
0.0
0.01
0.02
0.02
0.02
0.02
0.02
0.02
0.02
0.02
0.02
0.02
0.02
0.02
0.02
0.02
0.03
0.03
0.03
0.04
0.04
0.05
0.06
0.07
0.1
0.21
0.42
0.54
0.37
0.17
0.08
0.06
0.04
0.04
0.03
0.03
0.02
0.02
0.02
0.02
0.02
0.02
0.01
0.01
0.01
0.01
0.02
0.02
0.02
0.03
0.06
0.12
0.15
0.11
0.06
0.03
0.02
0.02
0.02
0.02
0.02
0.0
0.0
0.0
0.0
0.01
0.01
0.01
0.01
0.01
0.01
0.01
0.01
0.01
0.01
0.01
0.01
0.01
0.01
0.02
0.02
0.02
0.02
0.03
0.03
0.04
0.05
0.07
0.11
0.21
0.42
0.54
0.37
0.18
0.1
0.07
0.06
0.05
0.04
0.04
0.04
0.03
0.03
0.03
0.03
0.03
0.03
0.03
0.03
0.03
0.03
0.03
0.03
0.04
0.07
0.12
0.14
0.09
0.04
0.02
0.01
0.01
0.01
0.01
0.01
0.0
0.0
0.0
0.0
0.02
0.02
0.02
0.02
0.02
0.02
0.02
0.02
0.02
0.02
0.02
0.02
0.02
0.03
0.03
0.03
0.03
0.03
0.04
0.04
0.05
0.06
0.08
0.12
0.22
0.43
0.54
0.37
0.17
0.09
0.06
0.05
0.04
0.03
0.03
0.02
0.02
0.02
0.02
0.01
0.01
0.01
0.01
0.01
0.01
0.0
0.01
0.01
0.02
0.05
0.11
0.15
0.11
0.06
0.04
0.03
0.03
0.02
0.02
0.02
0.0
0.0
0.0
0.0
0.01
0.01
0.01
0.01
0.02
0.02
0.02
0.02
0.02
0.02
0.02
0.02
0.02
0.02
0.02
0.02
0.03
0.03
0.03
0.04
0.04
0.05
0.07
0.11
0.21
0.42
0.54
0.37
0.17
0.09
0.06
0.05
0.04
0.03
0.03
0.03
0.02
0.02
0.02
0.02
0.02
0.02
0.02
0.02
0.02
0.02
0.02
0.03
0.04
0.07
0.12
0.15
0.11
0.05
0.02
0.02
0.02
0.01
0.01
0.01
0.0
0.0
0.0
0.0
0.01
0.0
0.01
0.01
0.01
0.01
0.01
0.0
0.0
0.01
0.01
0.01
0.01
0.01
0.01
0.01
0.02
0.02
0.02
0.03
0.04
0.05
0.06
0.11
0.21
0.42
0.54
0.38
0.18
0.1
0.07
0.06
0.05
0.04
0.04
0.04
0.03
0.03
0.03
0.03
0.03
0.03
0.03
0.03
0.03
0.03
0.03
0.04
0.05
0.07
0.12
0.14
0.09
0.04
0.01
0.01
0.01
0.01
0.01
0.01
0.0
0.0
0.0
0.0
0.01
0.01
0.01
0.01
0.02
0.02
0.02
0.02
0.02
0.02
0.02
0.02
0.02
0.02
0.02
0.03
0.03
0.03
0.03
0.04
0.05
0.05
0.07
0.11
0.21
0.42
0.54
0.37
0.17
0.09
0.06
0.05
0.04
0.03
0.03
0.03
0.02
0.02
0.02
0.02
0.02
0.02
0.02
0.02
0.02
0.02
0.02
0.03
0.04
0.07
0.12
0.15
0.11
0.05
0.02
0.02
0.02
0.01
0.01
0.01
0.0
0.0
0.0
0.0
0.01
0.01
0.01
0.01
0.01
0.01
0.0
0.0
0.0
0.01
0.01
0.01
0.01
0.01
0.01
0.01
0.02
0.02
0.02
0.03
0.03
0.05
0.06
0.11
0.21
0.42
0.54
0.38
0.18
0.1
0.07
0.06
0.05
0.04
0.04
0.04
0.03
0.03
0.03
0.03
0.03
0.03
0.03
0.03
0.03
0.03
0.03
0.04
0.05
0.07
0.12
0.14
0.09
0.03
0.01
0.01
0.01
0.01
0.01
0.01
0.0
0.0
0.0
0.0
0.01
0.01
0.01
0.01
0.01
0.01
0.01
0.01
0.01
0.01
0.01
0.01
0.01
0.02
0.02
0.02
0.02
0.03
0.03
0.04
0.04
0.05
0.07
0.11
0.22
0.42
0.54
0.37
0.17
0.1
0.07
0.06
0.05
0.04
0.04
0.04
0.03
0.03
0.03
0.03
0.03
0.02
0.02
0.02
0.02
0.03
0.03
0.03
0.04
0.07
0.12
0.14
0.08
0.04
0.02
0.01
0.01
0.01
0.01
0.01
0.0
0.0
0.0
0.0
0.02
0.01
0.03
0.02
0.06
0.05
0.05
0.04
0.04
0.03
0.02
0.03
0.04
0.06
0.07
0.06
0.06
0.06
0.07
0.08
0.08
0.08
0.11
0.16
0.27
0.44
0.59
0.52
0.36
0.27
0.19
0.12
0.07
0.05
0.05
0.04
0.03
0.03
0.03
0.03
0.03
0.03
0.05
0.07
0.08
0.09
0.08
0.07
0.07
0.11
0.14
0.12
0.09
0.06
0.04
0.03
0.02
0.02
0.03
0.02
0.0
0.0
0.0
0.0
0.01
0.01
0.01
0.01
0.01
0.01
0.01
0.01
0.01
0.01
0.01
0.01
0.01
0.01
0.02
0.02
0.02
0.02
0.03
0.03
0.04
0.05
0.07
0.11
0.21
0.42
0.54
0.38
0.18
0.1
0.07
0.06
0.05
0.04
0.04
0.03
0.03
0.03
0.03
0.03
0.03
0.03
0.03
0.03
0.03
0.03
0.03
0.04
0.05
0.07
0.12
0.14
0.09
0.04
0.02
0.02
0.01
0.01
0.01
0.01
0.0
0.0
0.0
0.0
0.02
0.02
0.02
0.02
0.02
0.02
0.02
0.02
0.02
0.02
0.02
0.02
0.02
0.02
0.02
0.03
0.03
0.03
0.04
0.04
0.05
0.06
0.08
0.12
0.22
0.43
0.54
0.37
0.17
0.09
0.06
0.05
0.04
0.03
0.03
0.02
0.02
0.02
0.02
0.01
0.01
0.01
0.01
0.01
0.01
0.01
0.01
0.01
0.02
0.05
0.11
0.15
0.11
0.06
0.04
0.03
0.03
0.02
0.02
0.02
0.0
0.0
0.0
0.0
0.0
0.01
0.01
0.01
0.01
0.0
0.0
0.0
0.0
0.0
0.0
0.01
0.01
0.01
0.01
0.01
0.01
0.02
0.02
0.03
0.03
0.04
0.06
0.1
0.2
0.42
0.54
0.38
0.18
0.1
0.07
0.06
0.05
0.04
0.04
0.04
0.04
0.03
0.03
0.03
0.03
0.03
0.03
0.03
0.03
0.03
0.03
0.04
0.05
0.08
0.12
0.14
0.09
0.03
0.01
0.01
0.0
0.0
0.0
0.01
0.0
0.0
0.0
0.0
0.01
0.01
0.01
0.0
0.01
0.01
0.01
0.01
0.01
0.01
0.01
0.01
0.01
0.01
0.01
0.02
0.02
0.02
0.03
0.03
0.04
0.05
0.07
0.11
0.21
0.42
0.54
0.37
0.18
0.1
0.07
0.06
0.05
0.04
0.04
0.04
0.04
0.03
0.03
0.03
0.03
0.03
0.03
0.03
0.03
0.03
0.03
0.03
0.04
0.07
0.12
0.14
0.09
0.04
0.02
0.01
0.01
0.01
0.01
0.01
0.0
0.0
0.0
0.0
0.01
0.01
0.01
0.01
0.01
0.01
0.01
0.01
0.02
0.02
0.02
0.02
0.01
0.01
0.01
0.02
0.02
0.01
0.01
0.01
0.02
0.03
0.04
0.08
0.19
0.4
0.53
0.37
0.18
0.1
0.07
0.05
0.04
0.02
0.01
0.01
0.01
0.02
0.02
0.02
0.02
0.02
0.03
0.04
0.04
0.04
0.05
0.05
0.06
0.09
0.13
0.13
0.07
0.03
0.02
0.01
0.01
0.01
0.01
0.01
0.0
0.0
0.0
0.0
0.02
0.02
0.02
0.02
0.02
0.02
0.02
0.02
0.02
0.02
0.02
0.02
0.02
0.03
0.03
0.03
0.03
0.03
0.04
0.04
0.05
0.06
0.08
0.12
0.23
0.43
0.54
0.37
0.17
0.09
0.06
0.05
0.04
0.03
0.03
0.02
0.02
0.02
0.02
0.02
0.01
0.01
0.01
0.01
0.01
0.0
0.0
0.01
0.01
0.04
0.11
0.15
0.1
0.06
0.04
0.03
0.03
0.03
0.02
0.02
0.0
0.0
0.0
0.0
0.05
0.04
0.03
0.06
0.06
0.06
0.05
0.04
0.05
0.04
0.04
0.05
0.06
0.06
0.06
0.07
0.08
0.08
0.1
0.11
0.13
0.16
0.2
0.28
0.44
0.71
0.89
0.82
0.56
0.34
0.23
0.15
0.11
0.1
0.12
0.12
0.09
0.07
0.06
0.05
0.06
0.07
0.07
0.04
0.03
0.05
0.08
0.11
0.16
0.21
0.26
0.26
0.16
0.08
0.06
0.06
0.07
0.07
0.07
0.06
0.0
0.0
0.0
0.0
0.01
0.01
0.01
0.01
0.01
0.01
0.01
0.01
0.01
0.01
0.01
0.01
0.02
0.02
0.02
0.02
0.02
0.03
0.03
0.03
0.04
0.05
0.07
0.11
0.21
0.42
0.54
0.37
0.17
0.1
0.07
0.06
0.05
0.04
0.04
0.03
0.03
0.03
0.03
0.03
0.03
0.03
0.03
0.03
0.03
0.03
0.03
0.03
0.04
0.07
0.12
0.14
0.08
0.04
0.02
0.01
0.01
0.01
0.01
0.01
0.0
0.0
0.0
0.0
0.01
0.01
0.01
0.01
0.02
0.02
0.02
0.02
0.02
0.02
0.02
0.02
0.03
0.03
0.03
0.03
0.03
0.03
0.04
0.04
0.05
0.06
0.07
0.11
0.22
0.43
0.54
0.37
0.17
0.09
0.06
0.05
0.04
0.03
0.03
0.03
0.02
0.02
0.02
0.02
0.02
0.02
0.02
0.02
0.02
0.02
0.02
0.03
0.04
0.07
0.12
0.15
0.1
0.04
0.02
0.01
0.01
0.01
0.01
0.01
0.0
0.0
0.0
0.0
0.04
0.03
0.02
0.03
0.04
0.05
0.05
0.05
0.05
0.05
0.04
0.04
0.04
0.05
0.04
0.03
0.04
0.06
0.1
0.11
0.09
0.07
0.13
0.26
0.48
0.69
0.7
0.5
0.37
0.33
0.27
0.18
0.09
0.06
0.08
0.1
0.1
0.08
0.05
0.04
0.06
0.08
0.08
0.07
0.05
0.04
0.04
0.06
0.09
0.14
0.2
0.22
0.14
0.07
0.04
0.04
0.05
0.06
0.06
0.05
0.0
0.0
0.0
0.0
0.01
0.02
0.01
0.02
0.11
0.1
0.08
0.07
0.06
0.05
0.04
0.03
0.03
0.02
0.02
0.02
0.02
0.03
0.04
0.05
0.06
0.08
0.11
0.15
0.25
0.44
0.53
0.32
0.11
0.04
0.03
0.04
0.05
0.05
0.04
0.04
0.03
0.02
0.02
0.01
0.01
0.01
0.01
0.01
0.01
0.02
0.02
0.03
0.05
0.09
0.14
0.15
0.1
0.05
0.03
0.02
0.02
0.02
0.02
0.02
0.0
0.0
0.0
0.0
