0.01
0.01
0.02
0.03
0.03
0.02
0.02
0.02
0.02
0.03
0.03
0.04
0.05
0.08
0.16
0.36
0.48
0.32
0.13
0.07
0.04
0.03
0.02
0.02
0.02
0.02
0.01
0.01
0.02
0.02
0.03
0.04
0.04
0.03
0.03
0.03
0.02
0.02
0.02
0.02
0.02
0.02
0.02
0.02
0.03
0.05
0.1
0.16
0.17
0.12
0.06
0.02
0.01
0.01
0.01
0.0
0.0
0.0
0.01
0.01
0.0
0.0
0.0
0.0
0.01
0.02
0.02
0.02
0.01
0.01
0.01
0.01
0.01
0.01
0.01
0.01
0.02
0.05
0.13
0.33
0.47
0.32
0.13
0.05
0.03
0.02
0.01
0.01
0.01
0.01
0.01
0.01
0.01
0.02
0.01
0.02
0.02
0.02
0.02
0.01
0.01
0.01
0.01
0.01
0.01
0.01
0.01
0.02
0.02
0.04
0.08
0.14
0.18
0.13
0.08
0.04
0.03
0.02
0.02
0.01
0.01
0.01
0.01
0.01
0.0
0.0
0.0
0.0
0.01
0.03
0.02
0.04
0.09
0.09
0.1
0.11
0.11
0.12
0.12
0.13
0.19
0.29
0.48
0.67
0.71
0.61
0.4
0.24
0.17
0.11
0.09
0.07
0.07
0.05
0.04
0.04
0.04
0.04
0.04
0.04
0.04
0.03
0.02
0.01
0.01
0.01
0.02
0.02
0.03
0.03
0.02
0.02
0.03
0.06
0.13
0.22
0.25
0.18
0.11
0.07
0.05
0.03
0.03
0.03
0.03
0.02
0.02
0.02
0.0
0.0
0.0
0.0
0.01
0.01
0.01
0.01
0.02
0.02
0.02
0.02
0.02
0.03
0.03
0.03
0.04
0.07
0.15
0.36
0.51
0.35
0.14
0.06
0.04
0.03
0.03
0.02
0.02
0.02
0.02
0.01
0.01
0.01
0.01
0.01
0.02
0.02
0.02
0.02
0.02
0.02
0.02
0.02
0.02
0.02
0.02
0.03
0.04
0.06
0.11
0.16
0.18
0.15
0.09
0.05
0.03
0.02
0.02
0.02
0.01
0.01
0.01
0.01
0.0
0.0
0.0
0.0
0.01
0.01
0.01
0.01
0.02
0.02
0.02
0.02
0.02
0.03
0.03
0.04
0.04
0.07
0.15
0.36
0.51
0.35
0.14
0.06
0.04
0.03
0.03
0.02
0.02
0.02
0.02
0.01
0.01
0.01
0.01
0.01
0.02
0.02
0.02
0.02
0.02
0.02
0.02
0.02
0.02
0.02
0.02
0.03
0.04
0.06
0.11
0.16
0.18
0.15
0.09
0.05
0.03
0.02
0.02
0.02
0.01
0.01
0.01
0.01
0.0
0.0
0.0
0.0
0.02
0.01
0.01
0.01
0.01
0.01
0.01
0.02
0.02
0.02
0.02
0.03
0.04
0.07
0.15
0.36
0.51
0.35
0.15
0.07
0.04
0.04
0.03
0.03
0.02
0.02
0.02
0.02
0.01
0.01
0.01
0.01
0.02
0.02
0.01
0.01
0.02
0.02
0.01
0.01
0.01
0.01
0.02
0.02
0.03
0.06
0.1
0.16
0.18
0.15
0.09
0.05
0.03
0.03
0.02
0.02
0.02
0.02
0.02
0.02
0.0
0.0
0.0
0.0
0.01
0.01
0.01
0.02
0.02
0.02
0.02
0.03
0.03
0.03
0.04
0.04
0.06
0.09
0.17
0.36
0.49
0.33
0.14
0.07
0.05
0.04
0.03
0.03
0.02
0.02
0.02
0.02
0.01
0.01
0.01
0.02
0.02
0.03
0.02
0.02
0.01
0.01
0.02
0.02
0.02
0.02
0.02
0.03
0.04
0.06
0.11
0.17
0.18
0.13
0.07
0.03
0.02
0.02
0.01
0.01
0.01
0.01
0.01
0.01
0.0
0.0
0.0
0.0
0.02
0.02
0.02
0.03
0.01
0.01
0.02
0.02
0.02
0.02
0.03
0.03
0.04
0.06
0.15
0.36
0.51
0.36
0.15
0.06
0.04
0.03
0.03
0.02
0.02
0.02
0.02
0.02
0.02
0.02
0.02
0.02
0.02
0.02
0.01
0.01
0.01
0.01
0.01
0.01
0.01
0.02
0.02
0.03
0.03
0.06
0.1
0.16
0.18
0.16
0.1
0.05
0.03
0.02
0.02
0.02
0.02
0.02
0.02
0.02
0.0
0.0
0.0
0.0
0.01
0.01
0.0
0.01
0.02
0.02
0.02
0.02
0.03
0.03
0.04
0.04
0.06
0.09
0.17
0.36
0.49
0.33
0.14
0.07
0.05
0.04
0.03
0.03
0.02
0.02
0.02
0.02
0.02
0.02
0.01
0.01
0.02
0.01
0.01
0.01
0.01
0.01
0.01
0.02
0.02
0.02
0.02
0.03
0.03
0.06
0.1
0.16
0.17
0.13
0.06
0.03
0.02
0.02
0.01
0.01
0.01
0.01
0.01
0.01
0.0
0.0
0.0
0.0
0.01
0.01
0.01
0.0
0.02
0.02
0.02
0.02
0.02
0.02
0.03
0.03
0.04
0.06
0.15
0.36
0.51
0.36
0.14
0.06
0.03
0.03
0.02
0.02
0.02
0.02
0.02
0.01
0.01
0.01
0.01
0.01
0.02
0.01
0.01
0.01
0.01
0.02
0.02
0.02
0.02
0.02
0.03
0.03
0.04
0.05
0.1
0.16
0.18
0.16
0.1
0.05
0.03
0.03
0.02
0.02
0.02
0.01
0.01
0.01
0.0
0.0
0.0
0.0
0.0
0.0
0.0
0.02
0.02
0.02
0.03
0.03
0.03
0.03
0.04
0.05
0.06
0.09
0.17
0.36
0.48
0.31
0.13
0.07
0.05
0.04
0.03
0.03
0.02
0.02
0.02
0.02
0.02
0.01
0.01
0.02
0.02
0.03
0.02
0.02
0.02
0.02
0.02
0.02
0.02
0.02
0.02
0.03
0.04
0.05
0.1
0.16
0.17
0.11
0.05
0.02
0.01
0.01
0.01
0.01
0.0
0.0
0.0
0.0
0.0
0.0
0.0
0.0
0.02
0.02
0.02
0.03
0.01
0.01
0.02
0.02
0.02
0.02
0.03
0.03
0.04
0.06
0.15
0.36
0.51
0.36
0.14
0.06
0.04
0.03
0.03
0.02
0.02
0.02
0.02
0.02
0.02
0.02
0.02
0.02
0.01
0.01
0.01
0.01
0.01
0.01
0.01
0.01
0.02
0.02
0.02
0.03
0.04
0.06
0.1
0.16
0.18
0.16
0.1
0.05
0.03
0.02
0.02
0.02
0.02
0.02
0.02
0.02
0.0
0.0
0.0
0.0
0.03
0.03
0.03
0.04
0.04
0.06
0.07
0.08
0.08
0.09
0.1
0.11
0.12
0.14
0.21
0.4
0.52
0.38
0.23
0.18
0.15
0.13
0.11
0.1
0.08
0.07
0.05
0.04
0.03
0.02
0.01
0.02
0.03
0.04
0.04
0.05
0.05
0.04
0.04
0.03
0.03
0.03
0.02
0.02
0.03
0.05
0.09
0.16
0.19
0.15
0.11
0.09
0.07
0.04
0.02
0.02
0.02
0.01
0.01
0.02
0.0
0.0
0.0
0.0
0.03
0.04
0.05
0.03
0.14
0.1
0.07
0.04
0.02
0.03
0.05
0.07
0.1
0.15
0.25
0.42
0.5
0.29
0.1
0.07
0.08
0.07
0.06
0.04
0.03
0.02
0.03
0.04
0.05
0.05
0.04
0.03
0.03
0.04
0.04
0.03
0.02
0.01
0.01
0.02
0.02
0.01
0.01
0.01
0.01
0.03
0.07
0.15
0.18
0.12
0.05
0.03
0.02
0.02
0.03
0.03
0.03
0.02
0.01
0.02
0.0
0.0
0.0
0.0
0.01
0.01
0.01
0.02
0.02
0.02
0.02
0.03
0.03
0.03
0.04
0.05
0.06
0.09
0.17
0.36
0.49
0.33
0.14
0.07
0.05
0.04
0.03
0.03
0.03
0.02
0.02
0.02
0.02
0.02
0.02
0.02
0.01
0.01
0.01
0.01
0.01
0.01
0.01
0.02
0.02
0.02
0.02
0.03
0.04
0.06
0.11
0.16
0.17
0.12
0.06
0.03
0.02
0.02
0.01
0.01
0.01
0.01
0.01
0.01
0.0
0.0
0.0
0.0
0.01
0.0
0.01
0.02
0.02
0.02
0.03
0.03
0.03
0.03
0.04
0.05
0.06
0.09
0.17
0.36
0.48
0.31
0.13
0.07
0.05
0.04
0.03
0.03
0.02
0.02
0.02
0.02
0.02
0.02
0.02
0.02
0.01
0.01
0.01
0.01
0.01
0.01
0.02
0.02
0.02
0.02
0.02
0.03
0.03
0.05
0.1
0.16
0.17
0.11
0.05
0.02
0.01
0.01
0.01
0.01
0.01
0.01
0.0
0.0
0.0
0.0
0.0
0.0
0.01
0.02
0.02
0.03
0.01
0.01
0.02
0.02
0.02
0.02
0.03
0.03
0.04
0.07
0.15
0.36
0.51
0.35
0.15
0.06
0.04
0.03
0.03
0.03
0.02
0.02
0.02
0.02
0.02
0.02
0.02
0.02
0.02
0.02
0.01
0.01
0.01
0.01
0.01
0.01
0.02
0.02
0.02
0.02
0.03
0.06
0.1
0.16
0.18
0.16
0.1
0.05
0.03
0.02
0.02
0.02
0.02
0.02
0.02
0.02
0.0
0.0
0.0
0.0
0.01
0.01
0.01
0.02
0.02
0.02
0.02
0.02
0.03
0.03
0.03
0.04
0.06
0.09
0.17
0.36
0.5
0.34
0.14
0.07
0.05
0.04
0.03
0.03
0.02
0.02
0.02
0.02
0.02
0.02
0.02
0.02
0.01
0.01
0.01
0.01
0.01
0.02
0.02
0.02
0.02
0.02
0.02
0.03
0.04
0.06
0.11
0.17
0.18
0.14
0.08
0.04
0.03
0.02
0.02
0.01
0.01
0.01
0.01
0.01
0.0
0.0
0.0
0.0
0.03
0.04
0.02
0.04
0.08
0.07
0.08
0.1
0.12
0.12
0.1
0.13
0.21
0.32
0.46
0.65
0.76
0.69
0.5
0.3
0.15
0.09
0.09
0.1
0.09
0.06
0.04
0.05
0.06
0.06
0.05
0.04
0.04
0.04
0.03
0.02
0.02
0.02
0.02
0.02
0.02
0.02
0.02
0.03
0.04
0.07
0.15
0.24
0.29
0.27
0.19
0.11
0.06
0.05
0.04
0.04
0.03
0.02
0.03
0.03
0.0
0.0
0.0
0.0
0.01
0.02
0.01
0.0
0.01
0.01
0.02
0.02
0.02
0.02
0.02
0.03
0.04
0.06
0.14
0.36
0.51
0.36
0.14
0.06
0.04
0.03
0.02
0.02
0.02
0.02
0.02
0.01
0.01
0.01
0.01
0.01
0.01
0.01
0.01
0.01
0.01
0.01
0.02
0.02
0.02
0.02
0.02
0.03
0.04
0.05
0.1
0.16
0.18
0.16
0.1
0.05
0.04
0.03
0.02
0.02
0.02
0.02
0.02
0.01
0.0
0.0
0.0
0.0
0.02
0.01
0.01
0.02
0.01
0.01
0.02
0.02
0.02
0.02
0.03
0.03
0.04
0.06
0.15
0.36
0.51
0.36
0.14
0.06
0.04
0.03
0.02
0.02
0.02
0.02
0.02
0.02
0.01
0.01
0.01
0.02
0.01
0.01
0.01
0.01
0.01
0.01
0.01
0.02
0.02
0.02
0.02
0.03
0.04
0.05
0.1
0.16
0.18
0.16
0.1
0.05
0.03
0.03
0.02
0.02
0.02
0.02
0.02
0.02
0.0
0.0
0.0
0.0
0.0
0.02
0.02
0.01
0.01
0.01
0.01
0.01
0.01
0.01
0.02
0.03
0.04
0.05
0.12
0.32
0.47
0.32
0.13
0.06
0.03
0.03
0.02
0.02
0.01
0.01
0.01
0.01
0.01
0.01
0.01
0.01
0.01
0.01
0.01
0.01
0.01
0.01
0.01
0.01
0.01
0.01
0.02
0.03
0.04
0.06
0.08
0.13
0.17
0.13
0.09
0.06
0.04
0.02
0.02
0.02
0.01
0.01
0.01
0.01
0.0
0.0
0.0
0.0
0.01
0.01
0.01
0.02
0.02
0.02
0.02
0.03
0.03
0.03
0.04
0.04
0.06
0.09
0.17
0.36
0.49
0.33
0.14
0.07
0.05
0.04
0.03
0.03
0.02
0.02
0.02
0.02
0.01
0.01
0.01
0.02
0.02
0.02
0.02
0.02
0.02
0.02
0.02
0.02
0.02
0.02
0.02
0.03
0.04
0.06
0.11
0.16
0.18
0.13
0.07
0.03
0.02
0.02
0.01
0.01
0.01
0.01
0.01
0.01
0.0
0.0
0.0
0.0
0.02
0.01
0.01
0.03
0.01
0.01
0.02
0.02
0.02
0.02
0.03
0.03
0.04
0.06
0.15
0.36
0.51
0.36
0.14
0.06
0.04
0.03
0.03
0.02
0.02
0.02
0.02
0.02
0.02
0.01
0.02
0.02
0.01
0.02
0.01
0.01
0.01
0.01
0.01
0.02
0.02
0.02
0.02
0.03
0.04
0.05
0.1
0.16
0.18
0.16
0.1
0.05
0.03
0.03
0.02
0.02
0.02
0.02
0.02
0.02
0.0
0.0
0.0
0.0
0.07
0.08
0.05
0.01
0.23
0.18
0.12
0.12
0.14
0.13
0.11
0.12
0.15
0.23
0.43
0.69
0.78
0.66
0.5
0.33
0.17
0.1
0.08
0.07
0.08
0.08
0.07
0.07
0.08
0.06
0.04
0.02
0.02
0.04
0.05
0.06
0.04
0.03
0.02
0.02
0.02
0.03
0.04
0.04
0.03
0.05
0.11
0.21
0.28
0.25
0.17
0.12
0.09
0.07
0.05
0.04
0.03
0.04
0.04
0.04
0.0
0.0
0.0
0.0
0.01
0.02
0.03
0.03
0.13
0.07
0.06
0.08
0.09
0.08
0.06
0.05
0.08
0.15
0.28
0.48
0.54
0.33
0.16
0.12
0.08
0.05
0.03
0.03
0.04
0.03
0.03
0.02
0.02
0.03
0.04
0.03
0.03
0.03
0.02
0.02
0.01
0.01
0.01
0.01
0.01
0.02
0.02
0.02
0.02
0.04
0.09
0.17
0.19
0.14
0.07
0.04
0.04
0.03
0.02
0.01
0.01
0.02
0.01
0.01
0.0
0.0
0.0
0.0
0.01
0.01
0.01
0.02
0.02
0.02
0.02
0.03
0.03
0.03
0.04
0.04
0.06
0.09
0.17
0.36
0.49
0.33
0.14
0.07
0.05
0.04
0.03
0.03
0.03
0.02
0.02
0.02
0.02
0.02
0.02
0.02
0.01
0.01
0.01
0.01
0.01
0.02
0.02
0.02
0.02
0.02
0.02
0.03
0.04
0.06
0.11
0.16
0.18
0.13
0.07
0.03
0.02
0.02
0.02
0.01
0.01
0.01
0.01
0.01
0.0
0.0
0.0
0.0
0.01
0.01
0.01
0.02
0.02
0.02
0.02
0.02
0.02
0.03
0.03
0.04
0.06
0.08
0.16
0.36
0.5
0.34
0.14
0.07
0.05
0.04
0.03
0.02
0.02
0.02
0.02
0.02
0.02
0.02
0.02
0.02
0.01
0.01
0.01
0.01
0.01
0.01
0.02
0.02
0.02
0.02
0.02
0.03
0.04
0.06
0.11
0.16
0.18
0.14
0.08
0.04
0.03
0.02
0.02
0.01
0.01
0.01
0.01
0.01
0.0
0.0
0.0
0.0
